"TOA5","CR1000_GH_D","CR1000","80551","CR1000.Std.29","CPU:Greenhouse_WP_3_BC.CR1","27519","Matric"
"TIMESTAMP","RECORD","Batt_volt","PTemp","Mp_1_Avg","Tp_1_Avg","Mp_2_Avg","Tp_2_Avg","WM_Avg(1)","WM_Avg(2)","ohms_Avg(1)","ohms_Avg(2)"
"TS","RN","","","kPa","Deg C","kPa","Deg C","kPa","kPa","kOhms","kOhms"
"","","Smp","Smp","Avg","Avg","Avg","Avg","Avg","Avg","Avg","Avg"
"2019-10-23 16:30:00",0,13.6,23.47,-8.4,23.03,-8.6,22.05,-1.381,-1.706,0.613,0.629
"2019-10-23 16:45:00",1,13.6,22.95,-8.5,23.3,-8.7,22.35,-1.396,-1.733,0.62,0.637
"2019-10-23 17:00:00",2,13.6,22.73,-8.5,23.3,-8.7,22.4,-1.39,-1.742,0.62,0.637
"2019-10-23 17:15:00",3,13.6,22.53,-8.5,23.3,-8.7,22.4,-1.407,-1.756,0.62,0.638
"2019-10-23 17:30:00",4,13.6,22.47,-8.5,23.3,-8.7,22.4,-1.418,-1.753,0.621,0.638
"2019-10-23 17:45:00",5,13.6,22.36,-8.5,23.24,-8.7,22.38,-1.406,-1.758,0.62,0.638
"2019-10-23 18:00:00",6,13.6,22.33,-8.5,23.2,-8.7,22.3,-1.417,-1.748,0.621,0.637
"2019-10-23 18:15:00",7,13.6,22.33,-8.53,23.21,-8.67,22.3,-1.387,-1.736,0.619,0.637
"2019-10-23 18:30:00",8,13.6,22.22,-8.5,23.46,-8.6,22.3,-1.426,-1.7,0.621,0.635
"2019-10-23 18:45:00",9,13.62,21.86,-8.5,23.53,-8.6,22.3,-1.437,-1.695,0.622,0.635
"2019-10-23 19:00:00",10,13.62,21.84,-8.5,23.5,-8.6,22.3,-1.44,-1.703,0.622,0.635
"2019-10-23 19:15:00",11,13.62,21.7,-8.5,23.41,-8.6,22.3,-1.407,-1.701,0.62,0.635
"2019-10-23 19:30:00",12,13.62,21.59,-8.5,23.35,-8.6,22.3,-1.366,-1.689,0.618,0.634
"2019-10-23 19:45:00",13,13.62,21.07,-8.5,23.27,-8.6,22.3,-1.366,-1.696,0.618,0.635
"2019-10-23 20:00:00",14,13.65,20.91,-8.5,23.2,-8.6,22.23,-1.379,-1.709,0.619,0.635
"2019-10-23 20:15:00",15,13.65,21.15,-8.5,23.1,-8.6,22.2,-1.362,-1.707,0.618,0.635
"2019-10-23 20:30:00",16,13.65,21.18,-8.5,23.02,-8.6,22.19,-1.337,-1.716,0.617,0.636
"2019-10-23 20:45:00",17,13.65,20.91,-8.5,22.96,-8.6,22.1,-1.337,-1.698,0.617,0.635
"2019-10-23 21:00:00",18,13.66,20.5,-8.5,22.9,-8.6,22.1,-1.334,-1.71,0.617,0.635
"2019-10-23 21:15:00",19,13.65,20.21,-8.5,22.81,-8.6,22.07,-1.341,-1.731,0.617,0.637
"2019-10-23 21:30:00",20,13.68,19.94,-8.5,22.73,-8.6,22,-1.325,-1.72,0.616,0.636
"2019-10-23 21:45:00",21,13.69,19.68,-8.5,22.64,-8.6,21.93,-1.331,-1.725,0.617,0.636
"2019-10-23 22:00:00",22,13.68,19.39,-8.5,22.53,-8.6,21.88,-1.326,-1.725,0.616,0.636
"2019-10-23 22:15:00",23,13.68,19.15,-8.5,22.42,-8.61,21.8,-1.3,-1.729,0.615,0.636
"2019-10-23 22:30:00",24,13.71,19,-8.5,22.3,-8.63,21.7,-1.296,-1.737,0.615,0.637
"2019-10-23 22:45:00",25,13.71,18.79,-8.5,22.17,-8.64,21.62,-1.299,-1.745,0.615,0.637
"2019-10-23 23:00:00",26,13.71,18.64,-8.5,22.05,-8.64,21.53,-1.278,-1.742,0.614,0.637
"2019-10-23 23:15:00",27,13.71,18.53,-8.5,21.93,-8.68,21.44,-1.259,-1.733,0.613,0.637
"2019-10-23 23:30:00",28,13.71,18.43,-8.5,21.8,-8.67,21.35,-1.282,-1.75,0.614,0.637
"2019-10-23 23:45:00",29,13.74,18.33,-8.5,21.67,-8.69,21.26,-1.252,-1.765,0.613,0.638
"2019-10-24 00:00:00",30,13.75,18.28,-8.5,21.55,-8.7,21.17,-1.255,-1.759,0.613,0.638
"2019-10-24 00:15:00",31,13.74,18.2,-8.5,21.43,-8.7,21.09,-1.251,-1.769,0.613,0.638
"2019-10-24 00:30:00",32,13.74,18.12,-8.5,21.32,-8.7,21,-1.249,-1.776,0.612,0.639
"2019-10-24 00:45:00",33,13.73,18.05,-8.5,21.19,-8.7,20.91,-1.245,-1.771,0.612,0.639
"2019-10-24 01:00:00",34,13.75,17.97,-8.5,21.08,-8.7,20.83,-1.239,-1.784,0.612,0.639
"2019-10-24 01:15:00",35,13.75,17.87,-8.5,20.97,-8.7,20.75,-1.243,-1.786,0.612,0.639
"2019-10-24 01:30:00",36,13.77,17.77,-8.5,20.86,-8.7,20.67,-1.217,-1.793,0.611,0.64
"2019-10-24 01:45:00",37,13.77,17.62,-8.5,20.75,-8.7,20.59,-1.236,-1.81,0.612,0.641
"2019-10-24 02:00:00",38,13.77,17.56,-8.5,20.65,-8.7,20.5,-1.214,-1.798,0.611,0.64
"2019-10-24 02:15:00",39,13.77,17.51,-8.5,20.55,-8.7,20.41,-1.219,-1.819,0.611,0.641
"2019-10-24 02:30:00",40,13.77,17.69,-8.5,20.45,-8.7,20.34,-1.219,-1.829,0.611,0.641
"2019-10-24 02:45:00",41,13.77,18.2,-8.5,20.36,-8.7,20.28,-1.216,-1.827,0.611,0.641
"2019-10-24 03:00:00",42,13.77,18.66,-8.5,20.28,-8.7,20.2,-1.207,-1.827,0.61,0.641
"2019-10-24 03:15:00",43,13.75,19.21,-8.5,20.2,-8.7,20.2,-1.213,-1.851,0.611,0.643
"2019-10-24 03:30:00",44,13.74,19.78,-8.5,20.16,-8.7,20.13,-1.227,-1.85,0.611,0.642
"2019-10-24 03:45:00",45,13.74,20.31,-8.5,20.1,-8.7,20.1,-1.207,-1.855,0.61,0.643
"2019-10-24 04:00:00",46,13.71,20.58,-8.5,20.1,-8.7,20.1,-1.207,-1.853,0.61,0.643
"2019-10-24 04:15:00",47,13.71,20.83,-8.5,20.1,-8.7,20.18,-1.209,-1.858,0.61,0.643
"2019-10-24 04:30:00",48,13.71,20.93,-8.5,20.1,-8.7,20.2,-1.121,-1.801,0.606,0.64
"2019-10-24 04:45:00",49,13.71,21.12,-8.5,20.14,-8.7,20.2,-1.174,-1.838,0.609,0.642
"2019-10-24 05:00:00",50,13.68,21.21,-8.5,20.2,-8.7,20.2,-1.252,-1.873,0.613,0.644
"2019-10-24 05:15:00",51,13.68,21.29,-8.5,20.2,-8.7,20.3,-1.236,-1.887,0.612,0.644
"2019-10-24 05:30:00",52,13.68,21.34,-8.5,20.24,-8.7,20.3,-1.251,-1.877,0.613,0.644
"2019-10-24 05:45:00",53,13.68,21.4,-8.5,20.3,-8.7,20.3,-1.249,-1.869,0.612,0.643
"2019-10-24 06:00:00",54,13.68,21.51,-8.5,20.3,-8.7,20.38,-1.233,-1.867,0.612,0.643
"2019-10-24 06:15:00",55,13.68,21.72,-8.5,20.39,-8.7,20.4,-1.241,-1.866,0.612,0.643
"2019-10-24 06:30:00",56,13.68,21.75,-8.5,20.4,-8.7,20.41,-1.224,-1.863,0.611,0.643
"2019-10-24 06:45:00",57,13.68,21.86,-8.5,20.48,-8.7,20.5,-1.246,-1.861,0.612,0.643
"2019-10-24 07:00:00",58,13.65,21.92,-8.5,20.5,-8.7,20.5,-1.244,-1.866,0.612,0.643
"2019-10-24 07:15:00",59,13.65,22.14,-8.5,20.57,-8.7,20.54,-1.254,-1.857,0.613,0.643
"2019-10-24 07:30:00",60,13.64,22.36,-8.5,20.6,-8.7,20.6,-1.25,-1.86,0.612,0.643
"2019-10-24 07:45:00",61,13.64,22.75,-8.5,20.7,-8.7,20.66,-1.25,-1.873,0.612,0.644
"2019-10-24 08:00:00",62,13.62,23.21,-8.5,20.77,-8.7,20.73,-1.255,-1.866,0.613,0.643
"2019-10-24 08:15:00",63,13.59,24.01,-8.5,20.87,-8.7,20.84,-1.264,-1.875,0.613,0.644
"2019-10-24 08:30:00",64,13.59,24.25,-8.5,21.01,-8.7,20.97,-1.267,-1.869,0.613,0.643
"2019-10-24 08:45:00",65,13.56,25.19,-8.5,21.19,-8.7,21.13,-1.264,-1.889,0.613,0.644
"2019-10-24 09:00:00",66,13.57,26.16,-8.5,21.45,-8.7,21.29,-1.263,-1.839,0.613,0.642
"2019-10-24 09:15:00",67,13.5,27.21,-8.5,21.79,-8.7,21.5,-1.239,-1.782,0.612,0.639
"2019-10-24 09:30:00",68,13.51,27.98,-8.5,22.17,-8.7,21.82,-1.35,-1.863,0.618,0.643
"2019-10-24 09:45:00",69,13.47,28.69,-8.5,22.6,-8.7,22.2,-1.382,-1.868,0.619,0.643
"2019-10-24 10:00:00",70,13.45,29.08,-8.5,23.07,-8.7,22.54,-1.401,-1.853,0.62,0.643
"2019-10-24 10:15:00",71,13.45,29.62,-8.5,23.67,-8.7,22.85,-1.442,-1.826,0.622,0.641
"2019-10-24 10:30:00",72,13.44,29.89,-8.5,24.3,-8.7,23.19,-1.498,-1.817,0.625,0.641
"2019-10-24 10:45:00",73,13.42,30.6,-8.5,24.9,-8.7,23.64,-1.53,-1.829,0.626,0.641
"2019-10-24 11:00:00",74,13.4,31.23,-5.728,17.39,-5.863,16.44,-1.08,-1.252,0.425,0.433
"2019-10-24 11:15:00",75,13.39,31.69,-8.5,26.19,-8.7,24.58,-1.626,-1.825,0.631,0.641
"2019-10-24 11:30:00",76,13.36,32.12,-8.5,26.86,-8.7,24.97,-1.673,-1.816,0.634,0.641
"2019-10-24 11:45:00",77,13.36,31.9,-8.5,27.4,-8.7,25.3,-1.696,-1.782,0.635,0.639
"2019-10-24 12:00:00",78,13.36,31.72,-8.43,27.86,-8.7,25.66,-1.7,-1.78,0.635,0.639
"2019-10-24 12:15:00",79,13.35,31.69,-8.4,28.31,-8.7,26,-1.707,-1.771,0.635,0.639
"2019-10-24 12:30:00",80,13.35,31.47,-8.4,28.6,-8.7,26.37,-1.683,-1.771,0.634,0.639
"2019-10-24 12:45:00",81,13.35,31.55,-8.4,28.83,-8.7,26.64,-1.621,-1.718,0.631,0.636
"2019-10-24 13:00:00",82,13.35,31.76,-8.4,29.05,-8.7,26.88,-1.551,-1.681,0.628,0.634
"2019-10-24 13:15:00",83,13.33,31.72,-8.4,29.28,-8.7,27.1,-1.49,-1.621,0.624,0.631
"2019-10-24 13:30:00",84,13.33,31.58,-8.4,29.55,-8.7,27.31,-1.453,-1.56,0.623,0.628
"2019-10-24 13:45:00",85,13.33,31.47,-8.4,29.83,-8.7,27.48,-1.429,-1.514,0.621,0.626
"2019-10-24 14:00:00",86,13.31,31.3,-8.4,30.06,-8.7,27.64,-1.365,-1.467,0.618,0.623
"2019-10-24 14:15:00",87,13.32,31.19,-8.4,30.27,-8.7,27.76,-1.346,-1.411,0.617,0.621
"2019-10-24 14:30:00",88,13.31,31.05,-8.4,30.47,-8.7,27.87,-1.334,-1.379,0.617,0.619
"2019-10-24 14:45:00",89,13.32,30.95,-8.4,30.66,-8.7,28,-1.34,-1.357,0.617,0.618
"2019-10-24 15:00:00",90,13.31,30.81,-8.4,30.84,-8.7,28.19,-1.339,-1.349,0.617,0.617
"2019-10-24 15:15:00",91,13.32,30.74,-8.4,31.02,-8.7,28.28,-1.362,-1.324,0.618,0.616
"2019-10-24 15:30:00",92,13.32,30.67,-8.4,31.11,-8.7,28.37,-1.365,-1.31,0.618,0.615
"2019-10-24 15:45:00",93,13.31,30.36,-8.4,31.2,-8.7,28.45,-1.377,-1.316,0.619,0.616
"2019-10-24 16:00:00",94,13.31,30.02,-8.4,31.2,-8.7,28.5,-1.374,-1.297,0.619,0.615
"2019-10-24 16:15:00",95,13.35,29.62,-8.4,31.18,-8.7,28.6,-1.375,-1.312,0.619,0.616
"2019-10-24 16:30:00",96,13.34,29.15,-8.4,31.1,-8.7,28.6,-1.382,-1.323,0.619,0.616
"2019-10-24 16:45:00",97,13.34,28.56,-8.4,31.03,-8.7,28.6,-1.389,-1.346,0.619,0.617
"2019-10-24 17:00:00",98,13.36,28.01,-8.4,30.86,-8.7,28.6,-1.348,-1.372,0.617,0.619
"2019-10-24 17:15:00",99,13.39,27.4,-8.4,30.72,-8.7,28.54,-1.355,-1.399,0.618,0.62
"2019-10-24 17:30:00",100,13.39,26.87,-8.4,30.53,-8.7,28.45,-1.357,-1.431,0.618,0.622
"2019-10-24 17:45:00",101,13.42,26.44,-8.4,30.32,-8.7,28.34,-1.367,-1.466,0.618,0.623
"2019-10-24 18:00:00",102,13.41,26.16,-8.4,30.11,-8.7,28.2,-1.387,-1.494,0.619,0.625
"2019-10-24 18:15:00",103,13.45,25.95,-8.43,29.89,-8.7,27.99,-1.351,-1.49,0.618,0.624
"2019-10-24 18:30:00",104,13.45,25.76,-8.42,29.25,-8.7,27.86,-1.2,-1.465,0.61,0.623
"2019-10-24 18:45:00",105,13.45,25.46,-8.48,28.82,-8.7,27.74,-1.161,-1.466,0.608,0.623
"2019-10-24 19:00:00",106,13.45,25.19,-8.5,28.57,-8.7,27.61,-1.187,-1.5,0.609,0.625
"2019-10-24 19:15:00",107,13.48,24.98,-8.5,28.36,-8.7,27.45,-1.176,-1.507,0.609,0.625
"2019-10-24 19:30:00",108,13.47,24.81,-8.5,28.14,-8.7,27.3,-1.166,-1.512,0.608,0.626
"2019-10-24 19:45:00",109,13.47,24.63,-8.5,27.93,-8.7,27.15,-1.161,-1.522,0.608,0.626
"2019-10-24 20:00:00",110,13.47,24.42,-8.5,27.75,-8.7,27.02,-1.142,-1.537,0.607,0.627
"2019-10-24 20:15:00",111,13.5,24.1,-8.5,27.6,-8.7,26.87,-1.122,-1.554,0.606,0.628
"2019-10-24 20:30:00",112,13.5,23.78,-8.5,27.42,-8.7,26.74,-1.142,-1.576,0.607,0.629
"2019-10-24 20:45:00",113,13.5,23.47,-8.5,27.22,-8.7,26.57,-1.156,-1.592,0.608,0.63
"2019-10-24 21:00:00",114,13.53,23.12,-8.5,27.01,-8.7,26.4,-1.151,-1.614,0.608,0.631
"2019-10-24 21:15:00",115,13.53,22.81,-8.5,26.79,-8.7,26.19,-1.135,-1.624,0.607,0.631
"2019-10-24 21:30:00",116,13.57,22.47,-8.5,26.54,-8.7,25.95,-1.118,-1.637,0.606,0.632
"2019-10-24 21:45:00",117,13.56,22.11,-8.5,26.27,-8.7,25.74,-1.111,-1.655,0.606,0.633
"2019-10-24 22:00:00",118,13.56,21.81,-8.5,25.95,-8.7,25.53,-1.103,-1.669,0.605,0.633
"2019-10-24 22:15:00",119,13.59,21.53,-8.5,25.68,-8.7,25.32,-1.091,-1.69,0.605,0.634
"2019-10-24 22:30:00",120,13.59,21.23,-8.5,25.41,-8.7,25.13,-1.076,-1.716,0.604,0.636
"2019-10-24 22:45:00",121,13.6,20.93,-8.5,25.16,-8.7,24.95,-1.074,-1.738,0.604,0.637
"2019-10-24 23:00:00",122,13.62,20.74,-8.5,24.91,-8.7,24.74,-1.078,-1.768,0.604,0.638
"2019-10-24 23:15:00",123,13.62,20.48,-8.5,24.67,-8.7,24.55,-1.097,-1.777,0.605,0.639
"2019-10-24 23:30:00",124,13.62,20.26,-8.5,24.42,-8.7,24.35,-1.08,-1.804,0.604,0.64
"2019-10-24 23:45:00",125,13.65,20.1,-8.5,24.19,-8.7,24.17,-1.084,-1.824,0.604,0.641
"2019-10-25 00:00:00",126,13.65,19.92,-8.5,23.97,-8.7,23.98,-1.095,-1.844,0.605,0.642
"2019-10-25 00:15:00",127,13.65,19.78,-8.5,23.74,-8.7,23.81,-1.086,-1.87,0.604,0.644
"2019-10-25 00:30:00",128,13.65,19.63,-8.5,23.46,-8.7,23.59,-0.992,-1.801,0.6,0.64
"2019-10-25 00:45:00",129,13.68,19.52,-8.5,23.25,-8.7,23.4,-0.963,-1.768,0.598,0.638
"2019-10-25 01:00:00",130,13.68,19.42,-8.5,23.05,-8.7,23.23,-1.115,-1.907,0.606,0.645
"2019-10-25 01:15:00",131,13.68,19.34,-8.5,22.86,-8.7,23.06,-1.148,-1.937,0.607,0.647
"2019-10-25 01:30:00",132,13.68,19.23,-8.5,22.69,-8.7,22.91,-1.107,-1.947,0.605,0.647
"2019-10-25 01:45:00",133,13.68,19.15,-8.5,22.51,-8.7,22.76,-1.097,-1.953,0.605,0.648
"2019-10-25 02:00:00",134,13.71,19.1,-8.5,22.34,-8.7,22.63,-1.096,-1.972,0.605,0.649
"2019-10-25 02:15:00",135,13.71,19.05,-8.5,22.17,-8.7,22.47,-1.1,-1.979,0.605,0.649
"2019-10-25 02:30:00",136,13.71,19.02,-8.5,22.02,-8.7,22.35,-1.097,-1.995,0.605,0.65
"2019-10-25 02:45:00",137,13.71,19.15,-8.5,21.87,-8.7,22.23,-1.092,-2.012,0.605,0.651
"2019-10-25 03:00:00",138,13.71,19.36,-8.5,21.74,-8.7,22.12,-1.083,-2.017,0.604,0.651
"2019-10-25 03:15:00",139,13.71,19.65,-8.5,21.62,-8.7,22.02,-1.094,-2.028,0.605,0.651
"2019-10-25 03:30:00",140,13.71,20,-8.5,21.5,-8.73,21.94,-1.077,-2.039,0.604,0.652
"2019-10-25 03:45:00",141,13.69,20.31,-8.5,21.41,-8.76,21.9,-1.09,-2.044,0.605,0.652
"2019-10-25 04:00:00",142,13.68,20.58,-8.5,21.36,-8.77,21.83,-1.085,-2.05,0.604,0.652
"2019-10-25 04:15:00",143,13.68,20.88,-8.5,21.3,-8.78,21.8,-1.085,-2.064,0.604,0.653
"2019-10-25 04:30:00",144,13.68,21.07,-8.5,21.3,-8.8,21.8,-1.106,-2.069,0.605,0.653
"2019-10-25 04:45:00",145,13.68,21.29,-8.5,21.23,-8.8,21.8,-1.089,-2.071,0.604,0.654
"2019-10-25 05:00:00",146,13.65,21.48,-8.5,21.2,-8.8,21.8,-1.081,-2.076,0.604,0.654
"2019-10-25 05:15:00",147,13.64,21.64,-8.5,21.2,-8.8,21.8,-1.086,-2.074,0.604,0.654
"2019-10-25 05:30:00",148,13.65,21.81,-8.5,21.2,-8.8,21.8,-1.08,-2.071,0.604,0.654
"2019-10-25 05:45:00",149,13.65,21.92,-8.5,21.27,-8.8,21.8,-1.097,-2.067,0.605,0.653
"2019-10-25 06:00:00",150,13.65,21.97,-8.5,21.3,-8.8,21.8,-1.084,-2.06,0.604,0.653
"2019-10-25 06:15:00",151,13.64,22.06,-8.5,21.3,-8.8,21.8,-1.099,-2.059,0.605,0.653
"2019-10-25 06:30:00",152,13.64,22.17,-8.5,21.3,-8.8,21.8,-1.091,-2.052,0.605,0.653
"2019-10-25 06:45:00",153,13.62,22.33,-8.5,21.33,-8.8,21.8,-1.092,-2.049,0.605,0.652
"2019-10-25 07:00:00",154,13.62,22.64,-8.5,21.4,-8.8,21.8,-1.112,-2.042,0.606,0.652
"2019-10-25 07:15:00",155,13.62,23.15,-8.5,21.4,-8.8,21.83,-1.111,-2.039,0.606,0.652
"2019-10-25 07:30:00",156,13.59,23.7,-8.5,21.49,-8.8,21.9,-1.097,-2.04,0.605,0.652
"2019-10-25 07:45:00",157,13.59,24.28,-8.5,21.55,-8.8,21.98,-1.067,-2.033,0.603,0.652
"2019-10-25 08:00:00",158,13.56,24.87,-8.5,21.67,-8.8,22.09,-1.063,-2.02,0.603,0.651
"2019-10-25 08:15:00",159,13.56,25.46,-8.5,21.82,-8.8,22.24,-1.068,-2.005,0.603,0.65
"2019-10-25 08:30:00",160,13.53,26.13,-8.5,22,-8.8,22.41,-1.088,-2.015,0.604,0.651
"2019-10-25 08:45:00",161,13.5,26.62,-8.5,22.26,-8.8,22.61,-1.11,-2.012,0.605,0.651
"2019-10-25 09:00:00",162,13.48,27.21,-8.5,22.6,-8.8,22.81,-1.133,-1.999,0.607,0.65
"2019-10-25 09:15:00",163,13.47,27.66,-8.5,23,-8.8,23.04,-1.174,-1.986,0.609,0.649
"2019-10-25 09:30:00",164,13.48,28.04,-8.5,23.44,-8.8,23.29,-1.193,-1.98,0.61,0.649
"2019-10-25 09:45:00",165,13.48,27.94,-8.5,23.91,-8.8,23.57,-1.266,-1.977,0.613,0.649
"2019-10-25 10:00:00",166,13.45,27.98,-8.5,24.29,-8.8,23.86,-1.272,-1.979,0.614,0.649
"2019-10-25 10:15:00",167,13.45,28.04,-8.5,24.64,-8.8,24.11,-1.306,-1.977,0.615,0.649
"2019-10-25 10:30:00",168,13.45,27.66,-8.5,25,-8.8,24.39,-1.322,-1.972,0.616,0.649
"2019-10-25 10:45:00",169,13.45,27.34,-8.5,25.36,-8.8,24.69,-1.333,-1.985,0.617,0.649
"2019-10-25 11:00:00",170,13.45,27.09,-8.5,25.7,-8.8,25.01,-1.365,-2.02,0.618,0.651
"2019-10-25 11:15:00",171,13.45,26.9,-8.5,26.08,-8.8,25.25,-1.408,-2.028,0.62,0.651
"2019-10-25 11:30:00",172,13.45,26.9,-8.5,26.56,-8.8,25.49,-1.453,-2.034,0.623,0.652
"2019-10-25 11:45:00",173,13.45,27.03,-8.5,26.97,-8.8,25.74,-1.466,-2.039,0.623,0.652
"2019-10-25 12:00:00",174,13.45,27.15,-8.5,27.34,-8.8,26,-1.513,-2.07,0.626,0.654
"2019-10-25 12:15:00",175,13.45,27.21,-8.5,27.68,-8.8,26.29,-1.541,-2.086,0.627,0.654
"2019-10-25 12:30:00",176,13.45,27.34,-8.5,27.98,-8.8,26.51,-1.539,-2.085,0.627,0.654
"2019-10-25 12:45:00",177,13.45,27.53,-8.5,28.3,-8.8,26.71,-1.519,-2.07,0.626,0.653
"2019-10-25 13:00:00",178,13.45,27.72,-8.43,28.53,-8.8,26.87,-1.464,-2.034,0.623,0.652
"2019-10-25 13:15:00",179,13.41,27.82,-8.4,28.77,-8.8,27.04,-1.406,-2.004,0.62,0.65
"2019-10-25 13:30:00",180,13.42,27.91,-8.4,29,-8.8,27.18,-1.383,-1.953,0.619,0.648
"2019-10-25 13:45:00",181,13.42,28.04,-8.4,29.24,-8.79,27.32,-1.341,-1.922,0.617,0.646
"2019-10-25 14:00:00",182,13.42,28.14,-8.4,29.5,-8.79,27.41,-1.263,-1.819,0.613,0.641
"2019-10-25 14:15:00",183,13.42,28.1,-8.4,29.8,-8.78,27.5,-1.336,-1.857,0.617,0.643
"2019-10-25 14:30:00",184,13.41,28.1,-8.4,30.04,-8.76,27.6,-1.328,-1.845,0.616,0.642
"2019-10-25 14:45:00",185,13.41,28.07,-8.4,30.27,-8.76,27.67,-1.343,-1.831,0.617,0.642
"2019-10-25 15:00:00",186,13.41,28.04,-8.4,30.46,-8.74,27.74,-1.369,-1.825,0.618,0.641
"2019-10-25 15:15:00",187,13.41,27.91,-8.4,30.63,-8.72,27.8,-1.4,-1.863,0.62,0.643
"2019-10-25 15:30:00",188,13.41,27.82,-8.4,30.7,-8.7,27.84,-1.42,-1.987,0.621,0.649
"2019-10-25 15:45:00",189,13.42,27.59,-8.4,30.78,-8.71,27.9,-1.45,-2.089,0.622,0.654
"2019-10-25 16:00:00",190,13.41,27.34,-8.41,30.75,-8.72,27.89,-1.453,-2.169,0.623,0.658
"2019-10-25 16:15:00",191,13.41,27.06,-8.5,30.7,-8.7,27.8,-1.46,-2.236,0.623,0.662
"2019-10-25 16:30:00",192,13.42,26.9,-8.5,30.6,-8.7,27.8,-1.448,-2.398,0.622,0.67
"2019-10-25 16:45:00",193,13.41,26.9,-8.5,30.47,-8.7,27.71,-1.455,-2.53,0.623,0.677
"2019-10-25 17:00:00",194,13.42,26.96,-8.5,30.34,-8.7,27.7,-1.443,-2.664,0.622,0.683
"2019-10-25 17:15:00",195,13.41,27.03,-8.53,30.2,-8.7,27.7,-1.439,-2.789,0.622,0.689
"2019-10-25 17:30:00",196,13.41,27,-8.6,30.05,-8.7,27.7,-1.435,-2.951,0.622,0.698
"2019-10-25 17:45:00",197,13.42,27,-8.6,29.9,-8.7,27.69,-1.431,-3.082,0.622,0.704
"2019-10-25 18:00:00",198,13.41,26.93,-8.6,29.75,-8.7,27.6,-1.428,-3.21,0.621,0.71
"2019-10-25 18:15:00",199,13.41,26.87,-8.56,29.5,-8.71,27.6,-1.368,-3.352,0.618,0.718
"2019-10-25 18:30:00",200,13.45,26.78,-8.52,29.08,-8.79,27.5,-1.241,-3.447,0.612,0.722
"2019-10-25 18:45:00",201,13.44,26.5,-8.6,28.75,-8.8,27.44,-1.21,-3.616,0.611,0.731
"2019-10-25 19:00:00",202,13.45,26.19,-8.6,28.55,-8.8,27.35,-1.217,-3.791,0.611,0.74
"2019-10-25 19:15:00",203,13.45,25.89,-8.6,28.37,-8.8,27.24,-1.209,-3.938,0.61,0.747
"2019-10-25 19:30:00",204,13.45,25.58,-8.6,28.2,-8.8,27.12,-1.197,-4.139,0.61,0.757
"2019-10-25 19:45:00",205,13.45,25.34,-8.6,27.95,-8.8,26.97,-1.194,-4.293,0.61,0.765
"2019-10-25 20:00:00",206,13.47,25.07,-8.6,27.76,-8.8,26.85,-1.177,-4.452,0.609,0.773
"2019-10-25 20:15:00",207,13.47,24.81,-8.6,27.59,-8.8,26.73,-1.174,-4.624,0.609,0.781
"2019-10-25 20:30:00",208,13.51,24.54,-8.6,27.4,-8.8,26.57,-1.187,-4.768,0.609,0.788
"2019-10-25 20:45:00",209,13.5,24.28,-8.6,27.2,-8.8,26.44,-1.179,-4.932,0.609,0.797
"2019-10-25 21:00:00",210,13.5,23.99,-8.6,27,-8.8,26.25,-1.175,-5.057,0.609,0.803
"2019-10-25 21:15:00",211,13.5,23.72,-8.6,26.8,-8.8,26.05,-1.179,-5.198,0.609,0.81
"2019-10-25 21:30:00",212,13.5,23.47,-8.6,26.58,-8.8,25.87,-1.176,-5.31,0.609,0.816
"2019-10-25 21:45:00",213,13.53,23.21,-8.6,26.36,-8.8,25.71,-1.177,-5.437,0.609,0.822
"2019-10-25 22:00:00",214,13.53,22.95,-8.6,26.05,-8.8,25.55,-1.166,-5.564,0.608,0.828
"2019-10-25 22:15:00",215,13.53,22.73,-8.6,25.8,-8.8,25.36,-1.142,-5.696,0.607,0.835
"2019-10-25 22:30:00",216,13.56,22.53,-8.6,25.57,-8.8,25.2,-1.13,-5.801,0.606,0.84
"2019-10-25 22:45:00",217,13.56,22.31,-8.6,25.32,-8.8,25.07,-1.134,-5.917,0.607,0.846
"2019-10-25 23:00:00",218,13.56,22.08,-8.6,25.11,-8.8,24.9,-1.131,-6.037,0.607,0.852
"2019-10-25 23:15:00",219,13.59,21.86,-8.6,24.89,-8.8,24.74,-1.119,-6.165,0.606,0.858
"2019-10-25 23:30:00",220,13.59,21.64,-8.6,24.65,-8.8,24.56,-1.101,-6.29,0.605,0.865
"2019-10-25 23:45:00",221,13.59,21.45,-8.6,24.41,-8.8,24.38,-1.104,-6.432,0.605,0.872
"2019-10-26 00:00:00",222,13.59,21.23,-8.6,24.19,-8.8,24.21,-1.088,-6.544,0.604,0.877
"2019-10-26 00:15:00",223,13.62,21.1,-8.6,23.95,-8.8,24.04,-1.107,-6.619,0.605,0.881
"2019-10-26 00:30:00",224,13.62,20.96,-8.6,23.72,-8.8,23.86,-1.072,-6.685,0.604,0.884
"2019-10-26 00:45:00",225,13.62,20.8,-8.6,23.44,-8.8,23.71,-1.071,-6.774,0.604,0.889
"2019-10-26 01:00:00",226,13.62,20.69,-8.6,23.22,-8.8,23.47,-1.056,-6.837,0.603,0.892
"2019-10-26 01:15:00",227,13.62,20.53,-8.6,23.02,-8.8,23.32,-1.021,-6.928,0.601,0.896
"2019-10-26 01:30:00",228,13.65,20.42,-8.6,22.82,-8.8,23.16,-1.009,-6.999,0.6,0.9
"2019-10-26 01:45:00",229,13.65,20.31,-8.6,22.64,-8.8,23.01,-1.008,-7.061,0.6,0.903
"2019-10-26 02:00:00",230,13.65,20.21,-8.6,22.45,-8.8,22.86,-1.027,-7.137,0.601,0.907
"2019-10-26 02:15:00",231,13.65,20.1,-8.6,22.27,-8.8,22.73,-1.037,-7.214,0.602,0.911
"2019-10-26 02:30:00",232,13.65,20.02,-8.6,22.11,-8.8,22.58,-1.014,-7.267,0.601,0.913
"2019-10-26 02:45:00",233,13.65,20.15,-8.6,21.94,-8.8,22.45,-1.035,-7.344,0.602,0.917
"2019-10-26 03:00:00",234,13.65,20.31,-8.6,21.79,-8.8,22.33,-1.048,-7.425,0.602,0.921
"2019-10-26 03:15:00",235,13.65,20.58,-8.6,21.67,-8.8,22.25,-1.045,-7.521,0.602,0.926
"2019-10-26 03:30:00",236,13.65,20.93,-8.6,21.58,-8.8,22.2,-1.033,-7.59,0.602,0.929
"2019-10-26 03:45:00",237,13.66,21.26,-8.6,21.5,-8.8,22.13,-1.054,-7.669,0.603,0.933
"2019-10-26 04:00:00",238,13.65,21.48,-8.6,21.5,-8.8,22.1,-1.047,-7.821,0.602,0.941
"2019-10-26 04:15:00",239,13.64,21.59,-8.6,21.5,-8.8,22.1,-1.054,-7.944,0.603,0.947
"2019-10-26 04:30:00",240,13.64,21.75,-8.6,21.5,-8.8,22.1,-1.071,-8.01,0.604,0.951
"2019-10-26 04:45:00",241,13.66,21.84,-8.6,21.5,-8.8,22.1,-1.074,-8.09,0.604,0.954
"2019-10-26 05:00:00",242,13.64,21.92,-8.6,21.5,-8.8,22.1,-1.072,-8.14,0.604,0.957
"2019-10-26 05:15:00",243,13.62,21.97,-8.6,21.5,-8.8,22.1,-1.073,-8.2,0.604,0.96
"2019-10-26 05:30:00",244,13.62,22.03,-8.6,21.5,-8.8,22.1,-1.045,-8.25,0.602,0.962
"2019-10-26 05:45:00",245,13.62,22.08,-8.6,21.53,-8.8,22.1,-1.087,-8.33,0.604,0.966
"2019-10-26 06:00:00",246,13.62,22.11,-8.6,21.6,-8.8,22.1,-1.095,-8.4,0.605,0.97
"2019-10-26 06:15:00",247,13.62,22.14,-8.6,21.6,-8.8,22.1,-1.098,-8.48,0.605,0.974
"2019-10-26 06:30:00",248,13.62,22.17,-8.6,21.6,-8.8,22.1,-1.105,-8.56,0.605,0.978
"2019-10-26 06:45:00",249,13.62,22.25,-8.6,21.69,-8.8,22.1,-1.113,-8.66,0.606,0.983
"2019-10-26 07:00:00",250,13.62,22.42,-8.6,21.7,-8.8,22.1,-1.099,-8.76,0.605,0.988
"2019-10-26 07:15:00",251,13.62,22.67,-8.57,21.7,-8.8,22.1,-1.11,-8.86,0.606,0.993
"2019-10-26 07:30:00",252,13.62,22.9,-8.55,21.79,-8.8,22.13,-1.128,-8.99,0.606,0.999
"2019-10-26 07:45:00",253,13.62,23.21,-8.51,21.83,-8.8,22.2,-1.113,-9.14,0.606,1.007
"2019-10-26 08:00:00",254,13.59,23.44,-8.5,21.91,-8.8,22.25,-1.139,-9.3,0.607,1.015
"2019-10-26 08:15:00",255,13.59,23.38,-8.5,22.01,-8.8,22.31,-1.141,-9.54,0.607,1.027
"2019-10-26 08:30:00",256,13.59,23.27,-8.5,22.1,-8.8,22.4,-1.161,-9.74,0.608,1.037
"2019-10-26 08:45:00",257,13.59,23.21,-8.5,22.2,-8.8,22.4,-1.179,-9.94,0.609,1.047
"2019-10-26 09:00:00",258,13.59,23.18,-8.5,22.26,-8.8,22.5,-1.171,-10.21,0.609,1.061
"2019-10-26 09:15:00",259,13.6,23.24,-8.5,22.3,-8.8,22.5,-1.161,-10.45,0.608,1.073
"2019-10-26 09:30:00",260,13.59,23.5,-8.5,22.37,-8.8,22.52,-1.174,-10.7,0.609,1.085
"2019-10-26 09:45:00",261,13.57,23.78,-8.5,22.43,-8.8,22.6,-1.115,-10.93,0.606,1.097
"2019-10-26 10:00:00",262,13.56,24.48,-8.5,22.57,-8.8,22.68,-1.193,-11.23,0.61,1.112
"2019-10-26 10:15:00",263,13.54,25.28,-8.5,22.81,-8.8,22.84,-1.222,-11.58,0.611,1.129
"2019-10-26 10:30:00",264,13.54,26.16,-8.5,23.21,-8.8,23.1,-1.253,-11.97,0.613,1.149
"2019-10-26 10:45:00",265,13.51,27.03,-8.51,23.77,-8.8,23.51,-1.304,-12.44,0.615,1.172
"2019-10-26 11:00:00",266,13.47,27.69,-8.51,24.35,-8.8,24.02,-1.272,-12.93,0.614,1.196
"2019-10-26 11:15:00",267,13.47,28.23,-8.54,24.98,-8.8,24.45,-1.379,-13.39,0.619,1.219
"2019-10-26 11:30:00",268,13.45,28.53,-8.52,25.64,-8.8,24.87,-1.433,-13.9,0.622,1.245
"2019-10-26 11:45:00",269,13.45,28.82,-8.51,26.36,-8.8,25.24,-1.476,-14.51,0.624,1.275
"2019-10-26 12:00:00",270,13.44,29.12,-8.51,27,-8.8,25.66,-1.511,-15.25,0.626,1.313
"2019-10-26 12:15:00",271,13.42,29.38,-8.5,27.56,-8.8,26.08,-1.525,-16.13,0.626,1.356
"2019-10-26 12:30:00",272,13.42,29.68,-8.5,28.09,-8.8,26.49,-1.519,-17.14,0.626,1.407
"2019-10-26 12:45:00",273,13.39,30.02,-8.52,28.57,-8.8,26.83,-1.494,-18.23,0.625,1.461
"2019-10-26 13:00:00",274,13.39,30.29,-8.6,28.97,-8.8,27.14,-1.438,-19.37,0.622,1.519
"2019-10-26 13:15:00",275,13.39,30.53,-8.6,29.38,-8.8,27.44,-1.375,-20.64,0.619,1.582
"2019-10-26 13:30:00",276,13.36,30.84,-8.61,29.87,-8.77,27.73,-1.352,-21.86,0.618,1.643
"2019-10-26 13:45:00",277,13.36,31.16,-8.7,30.27,-8.7,28.04,-1.293,-23.39,0.615,1.72
"2019-10-26 14:00:00",278,13.36,31.4,-8.76,30.68,-8.7,28.34,-1.207,-25.06,0.61,1.803
"2019-10-26 14:15:00",279,13.34,31.44,-8.86,31.17,-8.7,28.57,-1.267,-27.12,0.613,1.906
"2019-10-26 14:30:00",280,13.32,31.4,-8.95,31.6,-8.7,28.78,-1.307,-29.17,0.615,2.009
"2019-10-26 14:45:00",281,13.31,31.4,-9.08,32.02,-8.7,28.97,-1.362,-31.69,0.618,2.135
"2019-10-26 15:00:00",282,13.31,31.37,-9.23,32.43,-8.7,29.15,-1.387,-34.56,0.619,2.278
"2019-10-26 15:15:00",283,13.32,31.23,-9.37,32.7,-8.7,29.3,-1.422,-37.86,0.621,2.443
"2019-10-26 15:30:00",284,13.31,31.23,-9.6,32.9,-8.7,29.43,-1.364,-41.36,0.618,2.618
"2019-10-26 15:45:00",285,13.32,31.3,-9.93,33.07,-8.7,29.59,-1.331,-45.5,0.617,2.825
"2019-10-26 16:00:00",286,13.31,31.09,-10.28,33.22,-8.7,29.75,-1.424,-50.32,0.621,3.066
"2019-10-26 16:15:00",287,13.32,30.57,-10.77,33.3,-8.7,29.84,-1.62,-55.8,0.631,3.34
"2019-10-26 16:30:00",288,13.31,30.09,-11.4,33.29,-8.7,29.9,-1.609,-61.55,0.63,3.627
"2019-10-26 16:45:00",289,13.32,29.75,-12.27,33.19,-8.7,29.9,-1.585,-67.58,0.629,3.929
"2019-10-26 17:00:00",290,13.32,29.52,-13.23,32.98,-8.7,29.82,-1.545,-73.78,0.627,4.239
"2019-10-26 17:15:00",291,13.35,29.28,-14.36,32.83,-8.7,29.8,-1.511,-80.2,0.626,4.562
"2019-10-26 17:30:00",292,13.35,28.92,-15.06,32.65,-8.7,29.78,-1.489,-86.5,0.624,4.876
"2019-10-26 17:45:00",293,13.34,28.56,-15.03,32.43,-8.7,29.7,-1.532,-92.8,0.627,5.191
"2019-10-26 18:00:00",294,13.34,28.1,-16.09,32.17,-8.7,29.51,-1.522,-99.1,0.626,5.503
"2019-10-26 18:15:00",295,13.39,27.66,-14.38,31.83,-8.71,29.36,-1.374,-104.5,0.619,5.775
"2019-10-26 18:30:00",296,13.39,27.31,-9.8,31.01,-8.8,29.2,-1.248,-109.7,0.612,6.035
"2019-10-26 18:45:00",297,13.39,26.81,-9.84,30.38,-8.8,29.04,-1.281,-115.6,0.614,6.329
"2019-10-26 19:00:00",298,13.39,26.44,-9.9,30.04,-8.8,28.86,-1.246,-121,0.612,6.6
"2019-10-26 19:15:00",299,13.42,26.1,-9.9,29.77,-8.8,28.68,-1.244,-126.2,0.612,6.86
"2019-10-26 19:30:00",300,13.42,25.89,-9.9,29.44,-8.8,28.5,-1.22,-131.3,0.611,7.114
"2019-10-26 19:45:00",301,13.45,25.67,-9.9,29.22,-8.8,28.34,-1.22,-135.9,0.611,7.347
"2019-10-26 20:00:00",302,13.44,25.43,-9.9,29.01,-8.8,28.12,-1.217,-140.7,0.611,7.586
"2019-10-26 20:15:00",303,13.45,25.13,-9.9,28.79,-8.8,27.89,-1.223,-145.1,0.611,7.807
"2019-10-26 20:30:00",304,13.47,24.81,-9.9,28.57,-8.8,27.7,-1.213,-149.6,0.611,8.03
"2019-10-26 20:45:00",305,13.48,24.42,-9.9,28.32,-8.8,27.5,-1.215,-153.7,0.611,8.23
"2019-10-26 21:00:00",306,13.5,24.01,-9.9,28,-8.8,27.3,-1.196,-157.9,0.61,8.44
"2019-10-26 21:15:00",307,13.5,23.67,-9.9,27.7,-8.8,27.09,-1.173,-161.9,0.609,8.65
"2019-10-26 21:30:00",308,13.5,23.32,-9.9,27.43,-8.8,26.88,-1.176,-165.7,0.609,8.84
"2019-10-26 21:45:00",309,13.5,23.01,-9.9,27.15,-8.8,26.66,-1.169,-169.3,0.608,9.01
"2019-10-26 22:00:00",310,13.53,22.67,-9.9,26.86,-8.8,26.43,-1.147,-173.2,0.607,9.21
"2019-10-26 22:15:00",311,13.53,22.36,-9.9,26.57,-8.8,26.17,-1.133,-176.5,0.607,9.38
"2019-10-26 22:30:00",312,13.57,22.08,-9.9,26.25,-8.8,25.9,-1.122,-180,0.606,9.55
"2019-10-26 22:45:00",313,13.56,21.81,-9.9,25.91,-8.8,25.68,-1.108,-183.3,0.605,9.71
"2019-10-26 23:00:00",314,13.59,21.53,-9.9,25.61,-8.8,25.45,-1.104,-186.7,0.605,9.89
"2019-10-26 23:15:00",315,13.59,21.31,-9.9,25.33,-8.8,25.23,-1.079,-189.6,0.604,10.03
"2019-10-26 23:30:00",316,13.59,21.12,-9.9,25.08,-8.8,25.06,-1.088,-192.7,0.604,10.18
"2019-10-26 23:45:00",317,13.59,20.99,-9.9,24.81,-8.8,24.86,-1.055,-195.3,0.603,10.32
"2019-10-27 00:00:00",318,13.62,20.83,-9.9,24.56,-8.8,24.66,-1.08,-198,0.604,10.45
"2019-10-27 00:15:00",319,13.62,20.69,-9.89,24.3,-8.8,24.46,-1.064,-200.3,0.603,10.56
"2019-10-27 00:30:00",320,13.62,20.56,-9.88,24.06,-8.8,24.27,-1.045,-202.9,0.602,10.7
"2019-10-27 00:45:00",321,13.62,20.48,-9.84,23.82,-8.8,24.09,-1.02,-205.2,0.601,10.81
"2019-10-27 01:00:00",322,13.65,20.37,-9.82,23.55,-8.8,23.92,-1.029,-207.6,0.601,10.93
"2019-10-27 01:15:00",323,13.65,20.26,-9.81,23.31,-8.8,23.75,-1.022,-209.5,0.601,11.03
"2019-10-27 01:30:00",324,13.65,20.18,-9.8,23.11,-8.8,23.54,-1.037,-211.6,0.602,11.13
"2019-10-27 01:45:00",325,13.65,20.1,-9.8,22.92,-8.8,23.37,-1.02,-213.6,0.601,11.23
"2019-10-27 02:00:00",326,13.66,20.08,-9.8,22.74,-8.8,23.23,-1.032,-215.3,0.602,11.31
"2019-10-27 02:15:00",327,13.65,20.05,-9.8,22.57,-8.8,23.08,-1.024,-217.4,0.601,11.42
"2019-10-27 02:30:00",328,13.65,20,-9.8,22.4,-8.8,22.94,-1.027,-218.5,0.601,11.48
"2019-10-27 02:45:00",329,13.65,20.15,-9.8,22.24,-8.8,22.8,-1.015,-220.6,0.601,11.58
"2019-10-27 03:00:00",330,13.65,20.34,-9.8,22.07,-8.8,22.68,-0.976,-222.1,0.599,11.66
"2019-10-27 03:15:00",331,13.65,20.56,-9.8,21.94,-8.8,22.6,-1.007,-223.2,0.6,11.71
"2019-10-27 03:30:00",332,13.65,20.8,-9.8,21.84,-8.8,22.51,-1.011,-224.8,0.601,11.79
"2019-10-27 03:45:00",333,13.65,20.96,-9.8,21.76,-8.8,22.48,-1.009,-226.5,0.6,11.87
"2019-10-27 04:00:00",334,13.65,21.18,-9.8,21.7,-8.8,22.4,-1.019,-226.9,0.601,11.89
"2019-10-27 04:15:00",335,13.65,21.31,-9.8,21.66,-8.8,22.4,-1.015,-228.8,0.601,11.99
"2019-10-27 04:30:00",336,13.65,21.42,-9.8,21.6,-8.8,22.39,-1.015,-229.6,0.601,12.03
"2019-10-27 04:45:00",337,13.65,21.53,-9.8,21.6,-8.8,22.3,-1.037,-230.1,0.602,12.06
"2019-10-27 05:00:00",338,13.64,21.56,-9.8,21.6,-8.8,22.3,-1.017,-230.4,0.601,12.07
"2019-10-27 05:15:00",339,13.65,21.64,-9.8,21.6,-8.8,22.3,-1.065,-231.3,0.603,12.12
"2019-10-27 05:30:00",340,13.65,21.7,-9.8,21.6,-8.8,22.3,-1.068,-232.2,0.603,12.16
"2019-10-27 05:45:00",341,13.65,21.75,-9.8,21.6,-8.8,22.3,-1.072,-233.1,0.604,12.21
"2019-10-27 06:00:00",342,13.65,21.81,-9.8,21.6,-8.8,22.3,-1.07,-233.6,0.603,12.23
"2019-10-27 06:15:00",343,13.65,21.86,-9.8,21.6,-8.8,22.22,-1.075,-233.5,0.604,12.23
"2019-10-27 06:30:00",344,13.62,21.89,-9.8,21.6,-8.8,22.2,-1.072,-234.7,0.604,12.28
"2019-10-27 06:45:00",345,13.62,21.95,-9.81,21.6,-8.8,22.2,-1.077,-234.9,0.604,12.29
"2019-10-27 07:00:00",346,13.62,21.97,-9.86,21.6,-8.8,22.2,-1.044,-235.6,0.602,12.33
"2019-10-27 07:15:00",347,13.62,22.03,-9.9,21.67,-8.8,22.2,-0.965,-235.9,0.598,12.34
"2019-10-27 07:30:00",348,13.62,22.11,-9.9,21.7,-8.8,22.2,-0.998,-236,0.6,12.35
"2019-10-27 07:45:00",349,13.62,22.22,-9.9,21.7,-8.8,22.2,-1.052,-236.5,0.603,12.38
"2019-10-27 08:00:00",350,13.62,22.31,-9.92,21.7,-8.8,22.2,-1.09,-237.4,0.604,12.42
"2019-10-27 08:15:00",351,13.62,22.42,-10,21.76,-8.8,22.24,-1.123,-237.9,0.606,12.44
"2019-10-27 08:30:00",352,13.62,22.53,-10,21.8,-8.8,22.3,-1.154,-238.4,0.608,12.47
"2019-10-27 08:45:00",353,13.62,22.61,-10.09,21.8,-8.8,22.3,-1.137,-238.7,0.607,12.49
"2019-10-27 09:00:00",354,13.62,22.7,-10.1,21.89,-8.8,22.3,-1.158,-239,0.608,12.5
"2019-10-27 09:15:00",355,13.62,22.81,-10.19,21.9,-8.8,22.3,-1.168,-238.7,0.608,12.49
"2019-10-27 09:30:00",356,13.62,22.95,-10.2,21.93,-8.8,22.3,-1.163,-239,0.608,12.5
"2019-10-27 09:45:00",357,13.6,22.98,-10.28,22,-8.8,22.3,-1.169,-239.1,0.608,12.5
"2019-10-27 10:00:00",358,13.59,23.07,-10.36,22.04,-8.8,22.39,-1.181,-241,0.609,12.6
"2019-10-27 10:15:00",359,13.6,23.12,-10.47,22.1,-8.8,22.4,-1.2,-240.7,0.61,12.59
"2019-10-27 10:30:00",360,13.6,23.12,-10.63,22.15,-8.8,22.4,-1.143,-241,0.607,12.6
"2019-10-27 10:45:00",361,13.59,23.12,-10.83,22.2,-8.8,22.4,-1.102,-240.8,0.605,12.59
"2019-10-27 11:00:00",362,13.59,23.04,-11.13,22.25,-8.8,22.4,-1.111,-241.6,0.606,12.63
"2019-10-27 11:15:00",363,13.6,23.04,-11.58,22.3,-8.8,22.42,-1.153,-241.1,0.608,12.61
"2019-10-27 11:30:00",364,13.59,23.07,-12.11,22.3,-8.8,22.5,-1.169,-241.9,0.608,12.64
"2019-10-27 11:45:00",365,13.6,23.1,-12.74,22.34,-8.8,22.5,-1.22,-242.2,0.611,12.66
"2019-10-27 12:00:00",366,13.6,23.15,-13.52,22.4,-8.8,22.5,-1.233,-242.4,0.612,12.67
"2019-10-27 12:15:00",367,13.59,23.15,-14.47,22.4,-8.8,22.5,-1.232,-242.6,0.612,12.68
"2019-10-27 12:30:00",368,13.59,23.18,-15.28,22.44,-8.8,22.5,-1.223,-242.1,0.611,12.66
"2019-10-27 12:45:00",369,13.6,23.15,-15.2,22.5,-8.8,22.5,-1.23,-243.3,0.611,12.71
"2019-10-27 13:00:00",370,13.59,23.15,-15.25,22.5,-8.8,22.5,-1.227,-242.9,0.611,12.69
"2019-10-27 13:15:00",371,13.6,23.15,-16.39,22.5,-8.8,22.5,-1.21,-243.4,0.611,12.72
"2019-10-27 13:30:00",372,13.6,23.12,-18.08,22.57,-8.8,22.52,-1.228,-244,0.611,12.75
"2019-10-27 13:45:00",373,13.59,23.12,-20.56,22.6,-8.8,22.59,-1.232,-244.4,0.612,12.77
"2019-10-27 14:00:00",374,13.59,23.12,-26.28,22.6,-8.8,22.6,-1.228,-244,0.611,12.75
"2019-10-27 14:15:00",375,13.59,23.12,-33.49,22.6,-8.8,22.6,-1.209,-244.6,0.61,12.78
"2019-10-27 14:30:00",376,13.6,23.15,-40.26,22.6,-8.78,22.6,-1.205,-244.9,0.61,12.79
"2019-10-27 14:45:00",377,13.59,23.15,-43.64,22.6,-8.74,22.6,-1.192,-244.4,0.61,12.77
"2019-10-27 15:00:00",378,13.59,23.15,-47.46,22.69,-8.72,22.6,-1.213,-245,0.611,12.8
"2019-10-27 15:15:00",379,13.59,23.15,-51.9,22.7,-8.71,22.6,-1.244,-244.4,0.612,12.77
"2019-10-27 15:30:00",380,13.59,23.1,-57,22.7,-8.7,22.6,-1.229,-244.8,0.611,12.79
"2019-10-27 15:45:00",381,13.59,23.1,-63.15,22.7,-8.7,22.6,-1.236,-245.6,0.612,12.83
"2019-10-27 16:00:00",382,13.59,23.07,-70.09,22.7,-8.7,22.6,-1.233,-244.9,0.612,12.8
"2019-10-27 16:15:00",383,13.59,23.04,-77.23,22.7,-8.7,22.6,-1.238,-245.6,0.612,12.83
"2019-10-27 16:30:00",384,13.59,22.98,-87.9,22.7,-8.7,22.6,-1.206,-245.7,0.61,12.83
"2019-10-27 16:45:00",385,13.59,22.92,-101.9,22.76,-8.7,22.6,-1.247,-246.4,0.612,12.87
"2019-10-27 17:00:00",386,13.59,22.87,-119.2,22.8,-8.7,22.6,-1.257,-246.6,0.613,12.88
"2019-10-27 17:15:00",387,13.59,22.81,-139.8,22.8,-8.7,22.6,-1.268,-246.1,0.613,12.85
"2019-10-27 17:30:00",388,13.6,22.75,-162.8,22.8,-8.7,22.6,-1.267,-246.6,0.613,12.88
"2019-10-27 17:45:00",389,13.59,22.73,-187.2,22.8,-8.7,22.6,-1.28,-246.3,0.614,12.86
"2019-10-27 18:00:00",390,13.59,22.7,-211.9,22.8,-8.7,22.6,-1.265,-247.2,0.613,12.91
"2019-10-27 18:15:00",391,13.59,22.64,-140.9,22.8,-8.75,22.6,-1.268,-247.2,0.613,12.91
"2019-10-27 18:30:00",392,13.59,22.61,-10.3,22.95,-8.8,22.6,-1.282,-245.8,0.614,12.84
"2019-10-27 18:45:00",393,13.59,22.42,-10.3,23,-8.8,22.6,-1.274,-245.6,0.614,12.83
"2019-10-27 19:00:00",394,13.6,22.17,-10.3,23,-8.8,22.6,-1.251,-246.3,0.613,12.87
"2019-10-27 19:15:00",395,13.59,21.92,-10.31,22.91,-8.8,22.55,-1.233,-246.4,0.612,12.87
"2019-10-27 19:30:00",396,13.59,21.67,-10.34,22.88,-8.8,22.5,-1.233,-246.7,0.612,12.89
"2019-10-27 19:45:00",397,13.62,21.45,-10.39,22.8,-8.8,22.46,-1.218,-246.6,0.611,12.88
"2019-10-27 20:00:00",398,13.62,21.29,-10.39,22.73,-8.8,22.4,-1.2,-247.4,0.61,12.92
"2019-10-27 20:15:00",399,13.62,21.12,-10.4,22.66,-8.8,22.32,-1.204,-247.7,0.61,12.93
"2019-10-27 20:30:00",400,13.62,21.02,-10.4,22.59,-8.8,22.3,-1.202,-248.1,0.61,12.96
"2019-10-27 20:45:00",401,13.62,20.91,-10.4,22.5,-8.8,22.2,-1.196,-248.2,0.61,12.96
"2019-10-27 21:00:00",402,13.65,20.69,-10.4,22.41,-8.8,22.15,-1.202,-249,0.61,13
"2019-10-27 21:15:00",403,13.65,20.5,-10.4,22.29,-8.8,22.07,-1.19,-249.5,0.609,13.03
"2019-10-27 21:30:00",404,13.65,20.31,-10.39,22.17,-8.8,21.98,-1.18,-250.2,0.609,13.06
"2019-10-27 21:45:00",405,13.65,20.1,-10.37,22.04,-8.8,21.88,-1.174,-250.1,0.609,13.05
"2019-10-27 22:00:00",406,13.65,19.97,-10.38,21.91,-8.8,21.78,-1.172,-251.6,0.609,13.13
"2019-10-27 22:15:00",407,13.65,19.81,-10.39,21.76,-8.8,21.67,-1.169,-252.1,0.608,13.16
"2019-10-27 22:30:00",408,13.69,19.7,-10.35,21.63,-8.8,21.56,-1.152,-252.6,0.608,13.18
"2019-10-27 22:45:00",409,13.68,19.6,-10.32,21.47,-8.8,21.46,-1.151,-252.8,0.608,13.19
"2019-10-27 23:00:00",410,13.68,19.49,-10.3,21.34,-8.8,21.35,-1.156,-253.8,0.608,13.24
"2019-10-27 23:15:00",411,13.68,19.42,-10.3,21.19,-8.8,21.25,-1.163,-253.6,0.608,13.23
"2019-10-27 23:30:00",412,13.68,19.36,-10.3,21.06,-8.8,21.15,-1.155,-254.7,0.608,13.28
"2019-10-27 23:45:00",413,13.69,19.28,-10.3,20.94,-8.8,21.06,-1.148,-255.4,0.607,13.32
"2019-10-28 00:00:00",414,13.68,19.21,-10.3,20.8,-8.8,20.96,-1.155,-255.4,0.608,13.32
"2019-10-28 00:15:00",415,13.71,19.18,-10.3,20.67,-8.8,20.87,-1.131,-256.9,0.607,13.4
"2019-10-28 00:30:00",416,13.71,19.13,-10.3,20.56,-8.8,20.77,-1.14,-256.6,0.607,13.38
"2019-10-28 00:45:00",417,13.71,19.08,-10.3,20.44,-8.8,20.7,-1.13,-257.4,0.607,13.42
"2019-10-28 01:00:00",418,13.71,19,-10.3,20.33,-8.8,20.6,-1.15,-257.7,0.607,13.43
"2019-10-28 01:15:00",419,13.71,18.95,-10.3,20.22,-8.8,20.52,-1.124,-258.5,0.606,13.47
"2019-10-28 01:30:00",420,13.71,18.89,-10.3,20.12,-8.8,20.44,-1.133,-259.2,0.607,13.51
"2019-10-28 01:45:00",421,13.71,18.87,-10.3,20.01,-8.8,20.35,-1.101,-259,0.605,13.5
"2019-10-28 02:00:00",422,13.71,18.82,-10.3,19.9,-8.8,20.28,-1.099,-259.8,0.605,13.54
"2019-10-28 02:15:00",423,13.71,18.77,-10.3,19.8,-8.8,20.2,-1.107,-260.3,0.605,13.57
"2019-10-28 02:30:00",424,13.71,18.71,-10.3,19.7,-8.8,20.11,-1.129,-260.3,0.606,13.56
"2019-10-28 02:45:00",425,13.71,18.82,-10.3,19.6,-8.8,20.03,-1.105,-260.7,0.605,13.59
"2019-10-28 03:00:00",426,13.71,19.02,-10.3,19.46,-8.8,20,-1.099,-261.1,0.605,13.6
"2019-10-28 03:15:00",427,13.71,19.21,-10.3,19.4,-8.8,19.92,-1.094,-261.4,0.605,13.62
"2019-10-28 03:30:00",428,13.71,19.36,-10.3,19.33,-8.8,19.9,-1.101,-261.5,0.605,13.62
"2019-10-28 03:45:00",429,13.71,19.49,-10.3,19.3,-8.8,19.9,-1.092,-262.4,0.605,13.67
"2019-10-28 04:00:00",430,13.71,19.6,-10.3,19.3,-8.8,19.9,-1.098,-262.6,0.605,13.68
"2019-10-28 04:15:00",431,13.71,19.68,-10.3,19.3,-8.8,19.9,-1.102,-262.4,0.605,13.67
"2019-10-28 04:30:00",432,13.71,19.78,-10.3,19.3,-8.8,19.9,-1.095,-262.6,0.605,13.68
"2019-10-28 04:45:00",433,13.71,19.89,-10.3,19.3,-8.8,19.9,-1.086,-261.7,0.604,13.64
"2019-10-28 05:00:00",434,13.71,19.86,-10.3,19.3,-8.8,19.9,-1.097,-262.1,0.605,13.66
"2019-10-28 05:15:00",435,13.71,19.89,-10.3,19.34,-8.8,19.9,-1.121,-261.8,0.606,13.64
"2019-10-28 05:30:00",436,13.71,19.94,-10.3,19.4,-8.8,19.9,-1.121,-262.3,0.606,13.67
"2019-10-28 05:45:00",437,13.71,19.92,-10.3,19.4,-8.8,19.9,-1.131,-261.5,0.607,13.62
"2019-10-28 06:00:00",438,13.71,19.92,-10.3,19.4,-8.8,19.9,-1.128,-261.8,0.606,13.64
"2019-10-28 06:15:00",439,13.71,19.84,-10.31,19.4,-8.8,19.9,-1.115,-262,0.606,13.65
"2019-10-28 06:30:00",440,13.71,19.89,-10.37,19.5,-8.8,19.9,-1.158,-261.4,0.608,13.62
"2019-10-28 06:45:00",441,13.71,19.92,-10.4,19.56,-8.8,19.9,-1.143,-261.9,0.607,13.65
"2019-10-28 07:00:00",442,13.71,19.92,-10.4,19.6,-8.8,19.9,-1.17,-261,0.609,13.6
"2019-10-28 07:15:00",443,13.71,20.02,-10.4,19.6,-8.8,19.9,-1.162,-261.8,0.608,13.64
"2019-10-28 07:30:00",444,13.71,20.1,-10.4,19.6,-8.8,19.9,-1.171,-262.1,0.609,13.65
"2019-10-28 07:45:00",445,13.71,20.24,-10.48,19.66,-8.8,19.91,-1.18,-261.7,0.609,13.63
"2019-10-28 08:00:00",446,13.68,20.42,-10.5,19.7,-8.8,20,-1.186,-261.5,0.609,13.63
"2019-10-28 08:15:00",447,13.68,20.61,-10.51,19.71,-8.8,20,-1.188,-261.9,0.609,13.65
"2019-10-28 08:30:00",448,13.68,20.77,-10.6,19.8,-8.8,20.02,-1.206,-260.6,0.61,13.58
"2019-10-28 08:45:00",449,13.68,20.74,-10.6,19.84,-8.8,20.1,-1.196,-261,0.61,13.6
"2019-10-28 09:00:00",450,13.68,20.72,-10.65,19.9,-8.8,20.1,-1.206,-260.8,0.61,13.59
"2019-10-28 09:15:00",451,13.68,20.74,-10.7,19.99,-8.8,20.14,-1.212,-260.6,0.611,13.58
"2019-10-28 09:30:00",452,13.68,20.74,-10.74,20.06,-8.8,20.2,-1.239,-260.4,0.612,13.57
"2019-10-28 09:45:00",453,13.68,20.8,-10.8,20.15,-8.8,20.2,-1.227,-260.6,0.611,13.58
"2019-10-28 10:00:00",454,13.68,21.18,-10.9,20.24,-8.8,20.26,-1.248,-260.8,0.612,13.59
"2019-10-28 10:15:00",455,13.68,21.59,-11.04,20.35,-8.8,20.32,-1.262,-259.2,0.613,13.51
"2019-10-28 10:30:00",456,13.66,21.89,-11.26,20.53,-8.8,20.43,-1.27,-259.4,0.613,13.52
"2019-10-28 10:45:00",457,13.65,22.31,-11.59,20.73,-8.8,20.54,-1.276,-258.9,0.614,13.49
"2019-10-28 11:00:00",458,13.62,22.78,-12.05,21,-8.8,20.7,-1.298,-257.3,0.615,13.41
"2019-10-28 11:15:00",459,13.62,23.61,-12.67,21.33,-8.8,20.93,-1.314,-256.3,0.616,13.36
"2019-10-28 11:30:00",460,13.59,24.51,-13.42,21.73,-8.8,21.22,-1.345,-256.5,0.617,13.37
"2019-10-28 11:45:00",461,13.57,25.73,-14.36,22.19,-8.8,21.58,-1.357,-254.1,0.618,13.25
"2019-10-28 12:00:00",462,13.54,26.53,-15.09,22.68,-8.8,22.01,-1.391,-252.2,0.62,13.16
"2019-10-28 12:15:00",463,13.51,27.09,-14.72,23.23,-8.8,22.47,-1.398,-251.5,0.62,13.12
"2019-10-28 12:30:00",464,13.51,27.53,-14.64,23.83,-8.8,22.88,-1.437,-248.3,0.622,12.96
"2019-10-28 12:45:00",465,13.47,27.85,-16,24.34,-8.8,23.28,-1.41,-247.3,0.621,12.92
"2019-10-28 13:00:00",466,13.48,28.14,-17.78,24.81,-8.8,23.7,-1.418,-247.1,0.621,12.9
"2019-10-28 13:15:00",467,13.45,28.49,-20.02,25.25,-8.75,24.06,-1.373,-244.2,0.619,12.76
"2019-10-28 13:30:00",468,13.45,28.69,-25.05,25.71,-8.71,24.43,-1.316,-242.4,0.616,12.67
"2019-10-28 13:45:00",469,13.45,28.89,-31.8,26.25,-8.7,24.74,-1.275,-239.9,0.614,12.54
"2019-10-28 14:00:00",470,13.42,29.02,-38.99,26.76,-8.7,25.02,-1.334,-238.1,0.617,12.46
"2019-10-28 14:15:00",471,13.42,29.05,-42.7,27.21,-8.7,25.24,-1.337,-236.7,0.617,12.39
"2019-10-28 14:30:00",472,13.42,29.02,-46.27,27.64,-8.7,25.48,-1.364,-235.7,0.618,12.33
"2019-10-28 14:45:00",473,13.41,28.92,-50.47,28.07,-8.7,25.7,-1.41,-233.5,0.621,12.22
"2019-10-28 15:00:00",474,13.42,28.49,-55.34,28.46,-8.7,25.89,-1.445,-233,0.622,12.2
"2019-10-28 15:15:00",475,13.42,27.98,-61.33,28.72,-8.7,26.05,-1.482,-231.8,0.624,12.14
"2019-10-28 15:30:00",476,13.41,27.53,-68.32,28.93,-8.7,26.17,-1.475,-231.7,0.624,12.14
"2019-10-28 15:45:00",477,13.41,27.21,-75.61,29.06,-8.7,26.3,-1.503,-231.3,0.625,12.11
"2019-10-28 16:00:00",478,13.45,26.68,-85.1,29.13,-8.7,26.3,-1.529,-230.3,0.626,12.07
"2019-10-28 16:15:00",479,13.45,26.22,-99.2,29.2,-8.7,26.3,-1.553,-230.1,0.628,12.05
"2019-10-28 16:30:00",480,13.44,25.83,-116.6,29.12,-8.7,26.3,-1.553,-230.6,0.628,12.08
"2019-10-28 16:45:00",481,13.45,25.43,-136.9,29.05,-8.7,26.2,-1.55,-232,0.628,12.15
"2019-10-28 17:00:00",482,13.47,24.95,-158.9,28.94,-8.7,26.06,-1.56,-231.5,0.628,12.13
"2019-10-28 17:15:00",483,13.5,24.45,-181.9,28.77,-8.7,25.93,-1.561,-233.3,0.628,12.22
"2019-10-28 17:30:00",484,13.51,24.13,-205,28.59,-8.7,25.76,-1.58,-233.5,0.629,12.23
"2019-10-28 17:45:00",485,13.5,23.84,-228.7,28.39,-8.7,25.63,-1.58,-233.9,0.629,12.25
"2019-10-28 18:00:00",486,13.5,23.7,-252.9,28.15,-8.7,25.52,-1.557,-235.7,0.628,12.33
"2019-10-28 18:15:00",487,13.51,23.55,-277,27.88,-8.7,25.41,-1.559,-236.9,0.628,12.4
"2019-10-28 18:30:00",488,13.53,23.44,-300.5,27.67,-8.7,25.3,-1.577,-237.4,0.629,12.42
"2019-10-28 18:45:00",489,13.53,23.21,-326.3,27.46,-8.7,25.19,-1.564,-238.7,0.628,12.48
"2019-10-28 19:00:00",490,13.56,22.95,-350.6,27.26,-8.7,25.1,-1.57,-238.8,0.628,12.49
"2019-10-28 19:15:00",491,13.56,22.7,-343.2,27.05,-8.73,25.02,-1.57,-240.7,0.629,12.59
"2019-10-28 19:30:00",492,13.56,22.36,-10.53,26.71,-8.78,24.87,-1.501,-240.4,0.625,12.57
"2019-10-28 19:45:00",493,13.59,22.03,-10.23,26.37,-8.8,24.75,-1.429,-241,0.621,12.6
"2019-10-28 20:00:00",494,13.59,21.75,-10.29,26.04,-8.8,24.59,-1.406,-241.8,0.62,12.64
"2019-10-28 20:15:00",495,13.59,21.59,-10.3,25.82,-8.8,24.44,-1.388,-243.5,0.619,12.72
"2019-10-28 20:30:00",496,13.62,21.31,-10.3,25.61,-8.8,24.28,-1.379,-244.5,0.619,12.77
"2019-10-28 20:45:00",497,13.62,20.91,-10.3,25.41,-8.8,24.09,-1.373,-245.4,0.619,12.82
"2019-10-28 21:00:00",498,13.62,20.64,-10.3,25.19,-8.8,23.82,-1.368,-245.9,0.618,12.84
"2019-10-28 21:15:00",499,13.65,20.4,-10.3,24.99,-8.8,23.52,-1.378,-246.8,0.619,12.89
"2019-10-28 21:30:00",500,13.65,20.15,-10.3,24.74,-8.8,23.24,-1.377,-247.5,0.619,12.92
"2019-10-28 21:45:00",501,13.65,20,-10.3,24.49,-8.8,23,-1.372,-248.6,0.619,12.98
"2019-10-28 22:00:00",502,13.65,19.81,-10.3,24.25,-8.8,22.78,-1.4,-249.3,0.62,13.01
"2019-10-28 22:15:00",503,13.68,19.65,-10.3,24,-8.8,22.58,-1.391,-250.5,0.62,13.07
"2019-10-28 22:30:00",504,13.68,19.52,-10.3,23.76,-8.8,22.4,-1.374,-251.3,0.619,13.12
"2019-10-28 22:45:00",505,13.68,19.36,-10.3,23.44,-8.8,22.23,-1.309,-252.2,0.615,13.16
"2019-10-28 23:00:00",506,13.68,19.23,-10.3,23.2,-8.8,22.05,-1.306,-252.9,0.615,13.2
"2019-10-28 23:15:00",507,13.71,19.1,-10.3,22.98,-8.8,21.86,-1.312,-254.5,0.616,13.28
"2019-10-28 23:30:00",508,13.71,19.05,-10.3,22.76,-8.8,21.7,-1.339,-255.5,0.617,13.32
"2019-10-28 23:45:00",509,13.71,18.97,-10.29,22.56,-8.8,21.54,-1.331,-255.6,0.617,13.33
"2019-10-29 00:00:00",510,13.71,18.89,-10.28,22.35,-8.8,21.37,-1.285,-256.7,0.614,13.39
"2019-10-29 00:15:00",511,13.71,18.82,-10.23,22.15,-8.8,21.23,-1.323,-257.4,0.616,13.42
"2019-10-29 00:30:00",512,13.71,18.74,-10.21,21.96,-8.8,21.07,-1.348,-258.3,0.617,13.46
"2019-10-29 00:45:00",513,13.71,18.69,-10.21,21.78,-8.8,20.94,-1.37,-259.9,0.618,13.54
"2019-10-29 01:00:00",514,13.71,18.64,-10.2,21.61,-8.8,20.8,-1.336,-259.5,0.617,13.52
"2019-10-29 01:15:00",515,13.71,18.64,-10.2,21.44,-8.8,20.67,-1.322,-261.2,0.616,13.61
"2019-10-29 01:30:00",516,13.71,18.64,-10.2,21.27,-8.8,20.54,-1.372,-261.2,0.619,13.61
"2019-10-29 01:45:00",517,13.74,18.58,-10.2,21.13,-8.8,20.42,-1.378,-262.1,0.619,13.66
"2019-10-29 02:00:00",518,13.75,18.51,-10.2,20.97,-8.8,20.28,-1.36,-263,0.618,13.7
"2019-10-29 02:15:00",519,13.74,18.46,-10.2,20.84,-8.8,20.17,-1.356,-263,0.618,13.7
"2019-10-29 02:30:00",520,13.74,18.48,-10.2,20.69,-8.8,20.06,-1.339,-263.9,0.617,13.75
"2019-10-29 02:45:00",521,13.74,18.64,-10.2,20.56,-8.8,19.96,-1.348,-264.3,0.617,13.76
"2019-10-29 03:00:00",522,13.74,18.89,-10.2,20.45,-8.8,19.9,-1.334,-265.4,0.617,13.82
"2019-10-29 03:15:00",523,13.74,19.1,-10.2,20.35,-8.8,19.88,-1.326,-265.1,0.616,13.81
"2019-10-29 03:30:00",524,13.74,19.31,-10.2,20.28,-8.8,19.8,-1.316,-265.1,0.616,13.8
"2019-10-29 03:45:00",525,13.74,19.42,-10.24,20.2,-8.8,19.8,-1.293,-265.9,0.615,13.84
"2019-10-29 04:00:00",526,13.74,19.47,-10.27,20.2,-8.8,19.8,-1.3,-266.2,0.615,13.86
"2019-10-29 04:15:00",527,13.74,19.44,-10.3,20.11,-8.8,19.8,-1.289,-267.2,0.614,13.91
"2019-10-29 04:30:00",528,13.74,19.44,-10.3,20.1,-8.8,19.79,-1.286,-267.4,0.614,13.92
"2019-10-29 04:45:00",529,13.74,19.31,-10.3,20.05,-8.8,19.7,-1.23,-267,0.611,13.9
"2019-10-29 05:00:00",530,13.74,19.21,-10.3,20,-8.8,19.7,-1.251,-267.7,0.613,13.93
"2019-10-29 05:15:00",531,13.74,19.26,-10.3,19.98,-8.8,19.6,-1.309,-267.5,0.615,13.93
"2019-10-29 05:30:00",532,13.74,19.26,-10.3,19.9,-8.8,19.6,-1.316,-268.7,0.616,13.98
"2019-10-29 05:45:00",533,13.74,19.26,-10.37,19.9,-8.8,19.55,-1.237,-268.8,0.612,13.99
"2019-10-29 06:00:00",534,13.75,19.31,-10.4,19.85,-8.8,19.43,-1.263,-268.3,0.613,13.97
"2019-10-29 06:15:00",535,13.74,19.36,-10.4,19.8,-8.8,19.4,-1.313,-268.5,0.616,13.98
"2019-10-29 06:30:00",536,13.75,19.42,-10.4,19.8,-8.8,19.4,-1.389,-269.2,0.619,14.01
"2019-10-29 06:45:00",537,13.74,19.47,-10.49,19.8,-8.8,19.4,-1.395,-269.4,0.62,14.02
"2019-10-29 07:00:00",538,13.74,19.47,-10.5,19.71,-8.8,19.4,-1.385,-269.2,0.619,14.01
"2019-10-29 07:15:00",539,13.71,19.44,-10.5,19.7,-8.8,19.4,-1.381,-269.7,0.619,14.04
"2019-10-29 07:30:00",540,13.71,19.44,-10.55,19.7,-8.8,19.35,-1.38,-269.5,0.619,14.03
"2019-10-29 07:45:00",541,13.71,19.47,-10.6,19.7,-8.8,19.3,-1.364,-270,0.618,14.05
"2019-10-29 08:00:00",542,13.71,19.49,-10.6,19.7,-8.8,19.3,-1.373,-269.5,0.619,14.03
"2019-10-29 08:15:00",543,13.71,19.52,-10.64,19.7,-8.8,19.3,-1.374,-271,0.619,14.1
"2019-10-29 08:30:00",544,13.71,19.6,-10.7,19.7,-8.8,19.3,-1.368,-270.5,0.618,14.07
"2019-10-29 08:45:00",545,13.71,19.78,-10.71,19.67,-8.8,19.3,-1.367,-270.2,0.618,14.06
"2019-10-29 09:00:00",546,13.71,20,-10.8,19.69,-8.8,19.3,-1.382,-270.1,0.619,14.05
"2019-10-29 09:15:00",547,13.71,20.15,-10.91,19.7,-8.8,19.31,-1.37,-269.5,0.619,14.02
"2019-10-29 09:30:00",548,13.71,20.29,-11.07,19.7,-8.8,19.4,-1.364,-269.8,0.618,14.04
"2019-10-29 09:45:00",549,13.71,20.42,-11.3,19.78,-8.8,19.4,-1.364,-270.3,0.618,14.07
"2019-10-29 10:00:00",550,13.71,20.64,-11.63,19.81,-8.8,19.54,-1.365,-270.2,0.618,14.06
"2019-10-29 10:15:00",551,13.68,20.85,-12.05,19.9,-8.8,19.6,-1.349,-269.9,0.617,14.05
"2019-10-29 10:30:00",552,13.68,21.12,-12.61,19.97,-8.8,19.7,-1.353,-269.8,0.618,14.04
"2019-10-29 10:45:00",553,13.68,21.34,-13.26,20.07,-8.8,19.79,-1.365,-270,0.618,14.05
"2019-10-29 11:00:00",554,13.68,21.56,-14.08,20.19,-8.8,19.89,-1.303,-269.9,0.615,14.04
"2019-10-29 11:15:00",555,13.68,21.67,-14.84,20.33,-8.8,20,-1.3,-269.8,0.615,14.04
"2019-10-29 11:30:00",556,13.68,21.78,-14.73,20.46,-8.8,20.11,-1.31,-269.1,0.615,14
"2019-10-29 11:45:00",557,13.68,21.81,-14.23,20.6,-8.8,20.2,-1.316,-268.2,0.616,13.96
"2019-10-29 12:00:00",558,13.64,21.86,-14.99,20.73,-8.8,20.3,-1.341,-267.7,0.617,13.94
"2019-10-29 12:15:00",559,13.66,21.86,-16.55,20.84,-8.8,20.39,-1.367,-267.5,0.618,13.92
"2019-10-29 12:30:00",560,13.65,21.86,-18.34,20.96,-8.8,20.46,-1.359,-267.9,0.618,13.94
"2019-10-29 12:45:00",561,13.66,21.89,-20.89,21.06,-8.8,20.52,-1.367,-266.8,0.618,13.89
"2019-10-29 13:00:00",562,13.64,21.92,-26.29,21.15,-8.8,20.6,-1.393,-267.1,0.62,13.9
"2019-10-29 13:15:00",563,13.65,21.92,-32.91,21.24,-8.79,20.67,-1.399,-266,0.62,13.85
"2019-10-29 13:30:00",564,13.64,21.92,-39.65,21.33,-8.76,20.71,-1.395,-265.9,0.62,13.84
"2019-10-29 13:45:00",565,13.65,21.92,-42.98,21.41,-8.75,20.8,-1.4,-266.4,0.62,13.87
"2019-10-29 14:00:00",566,13.64,21.89,-46.4,21.5,-8.75,20.84,-1.421,-266.1,0.621,13.85
"2019-10-29 14:15:00",567,13.64,21.86,-50.39,21.57,-8.73,20.9,-1.417,-266.1,0.621,13.85
"2019-10-29 14:30:00",568,13.65,21.89,-54.97,21.61,-8.74,20.95,-1.422,-265.4,0.621,13.82
"2019-10-29 14:45:00",569,13.64,21.89,-60.42,21.7,-8.73,21,-1.424,-265.8,0.621,13.84
"2019-10-29 15:00:00",570,13.65,21.86,-66.78,21.74,-8.71,21.05,-1.412,-265.6,0.621,13.83
"2019-10-29 15:15:00",571,13.62,21.92,-73.54,21.8,-8.7,21.1,-1.405,-266.3,0.62,13.87
"2019-10-29 15:30:00",572,13.62,21.92,-81.1,21.82,-8.72,21.11,-1.4,-265.6,0.62,13.83
"2019-10-29 15:45:00",573,13.62,21.92,-93.3,21.9,-8.7,21.2,-1.301,-265.1,0.615,13.81
"2019-10-29 16:00:00",574,13.62,21.86,-108.1,21.9,-8.7,21.2,-1.353,-266.5,0.618,13.87
"2019-10-29 16:15:00",575,13.62,21.78,-125.7,21.96,-8.71,21.24,-1.446,-265.5,0.622,13.82
"2019-10-29 16:30:00",576,13.62,21.7,-146.6,22,-8.7,21.3,-1.449,-267.1,0.622,13.9
"2019-10-29 16:45:00",577,13.62,21.56,-169.2,22,-8.7,21.3,-1.474,-266.9,0.624,13.89
"2019-10-29 17:00:00",578,13.62,21.4,-194,22,-8.7,21.3,-1.474,-266.8,0.624,13.89
"2019-10-29 17:15:00",579,13.64,21.31,-218,22,-8.7,21.3,-1.397,-266.2,0.62,13.86
"2019-10-29 17:30:00",580,13.65,21.23,-242.1,22,-8.7,21.3,-1.326,-266.9,0.616,13.89
"2019-10-29 17:45:00",581,13.64,21.18,-267.9,21.91,-8.7,21.2,-1.365,-267.1,0.618,13.91
"2019-10-29 18:00:00",582,13.65,21.1,-293.6,21.9,-8.7,21.2,-1.412,-267.3,0.621,13.92
"2019-10-29 18:15:00",583,13.65,21.02,-318.1,21.9,-8.7,21.2,-1.427,-267.5,0.621,13.92
"2019-10-29 18:30:00",584,13.65,20.96,-344.6,21.86,-8.7,21.2,-1.426,-268.5,0.621,13.97
"2019-10-29 18:45:00",585,13.65,20.74,-371.4,21.8,-8.7,21.2,-1.442,-268.6,0.622,13.98
"2019-10-29 19:00:00",586,13.65,20.5,-395.4,21.8,-8.7,21.13,-1.457,-269.1,0.623,14.01
"2019-10-29 19:15:00",587,13.68,20.26,-393.4,21.72,-8.74,21.1,-1.446,-269.3,0.622,14.01
"2019-10-29 19:30:00",588,13.68,20.05,-10.75,21.7,-8.79,21.01,-1.425,-267.4,0.621,13.92
"2019-10-29 19:45:00",589,13.68,19.89,-10.3,21.69,-8.8,20.96,-1.421,-268.4,0.621,13.97
"2019-10-29 20:00:00",590,13.68,19.78,-10.3,21.6,-8.8,20.89,-1.385,-268.9,0.619,14
"2019-10-29 20:15:00",591,13.69,19.68,-10.3,21.51,-8.8,20.8,-1.369,-269.9,0.618,14.05
"2019-10-29 20:30:00",592,13.69,19.57,-10.3,21.42,-8.8,20.72,-1.37,-270.2,0.618,14.06
"2019-10-29 20:45:00",593,13.69,19.47,-10.3,21.32,-8.8,20.66,-1.294,-270.6,0.615,14.08
"2019-10-29 21:00:00",594,13.71,19.39,-10.3,21.22,-8.8,20.59,-1.252,-271.3,0.613,14.12
"2019-10-29 21:15:00",595,13.71,19.26,-10.3,21.12,-8.8,20.5,-1.285,-271.9,0.614,14.14
"2019-10-29 21:30:00",596,13.71,19.13,-10.3,21.03,-8.8,20.41,-1.325,-272.1,0.616,14.15
"2019-10-29 21:45:00",597,13.71,19.05,-10.3,20.93,-8.8,20.32,-1.349,-272.8,0.617,14.19
"2019-10-29 22:00:00",598,13.71,19,-10.3,20.83,-8.8,20.24,-1.346,-273.4,0.617,14.22
"2019-10-29 22:15:00",599,13.71,18.97,-10.3,20.72,-8.8,20.18,-1.323,-274.3,0.616,14.26
"2019-10-29 22:30:00",600,13.71,18.87,-10.3,20.63,-8.8,20.1,-1.323,-275,0.616,14.3
"2019-10-29 22:45:00",601,13.71,18.74,-10.3,20.53,-8.8,20,-1.338,-275,0.617,14.3
"2019-10-29 23:00:00",602,13.74,18.64,-10.3,20.44,-8.8,19.91,-1.328,-275.5,0.616,14.33
"2019-10-29 23:15:00",603,13.74,18.53,-10.3,20.33,-8.8,19.83,-1.33,-276.3,0.616,14.37
"2019-10-29 23:30:00",604,13.74,18.46,-10.3,20.23,-8.8,19.74,-1.314,-276,0.616,14.35
"2019-10-29 23:45:00",605,13.75,18.4,-10.3,20.14,-8.8,19.66,-1.337,-277.3,0.617,14.42
"2019-10-30 00:00:00",606,13.74,18.3,-10.3,20.04,-8.8,19.59,-1.341,-277.9,0.617,14.44
"2019-10-30 00:15:00",607,13.75,18.28,-10.3,19.94,-8.8,19.42,-1.322,-277.7,0.616,14.44
"2019-10-30 00:30:00",608,13.74,18.25,-10.3,19.84,-8.8,19.37,-1.331,-278.5,0.617,14.47
"2019-10-30 00:45:00",609,13.74,18.2,-10.3,19.76,-8.8,19.3,-1.316,-278.6,0.616,14.48
"2019-10-30 01:00:00",610,13.74,18.15,-10.3,19.67,-8.8,19.21,-1.273,-279.8,0.614,14.54
"2019-10-30 01:15:00",611,13.75,18.1,-10.3,19.59,-8.8,19.15,-1.294,-279.8,0.615,14.54
"2019-10-30 01:30:00",612,13.73,18.02,-10.3,19.41,-8.8,19.09,-1.288,-280.3,0.614,14.56
"2019-10-30 01:45:00",613,13.75,17.97,-10.3,19.34,-8.8,19,-1.279,-280.3,0.614,14.57
"2019-10-30 02:00:00",614,13.78,17.92,-10.3,19.27,-8.8,18.93,-1.29,-280.8,0.615,14.59
"2019-10-30 02:15:00",615,13.77,17.89,-10.3,19.19,-8.8,18.86,-1.311,-281.6,0.616,14.63
"2019-10-30 02:30:00",616,13.77,17.89,-10.3,19.1,-8.8,18.8,-1.32,-282,0.616,14.65
"2019-10-30 02:45:00",617,13.77,17.99,-10.3,19.02,-8.8,18.72,-1.295,-282.2,0.615,14.66
"2019-10-30 03:00:00",618,13.77,18.17,-10.3,18.97,-8.8,18.7,-1.291,-282.8,0.615,14.69
"2019-10-30 03:15:00",619,13.78,18.4,-10.3,18.9,-8.8,18.7,-1.271,-283.2,0.614,14.71
"2019-10-30 03:30:00",620,13.77,18.58,-10.3,18.86,-8.8,18.7,-1.269,-284.1,0.613,14.76
"2019-10-30 03:45:00",621,13.77,18.77,-10.3,18.8,-8.8,18.7,-1.273,-284.5,0.614,14.77
"2019-10-30 04:00:00",622,13.74,18.95,-10.3,18.8,-8.8,18.7,-1.28,-284.2,0.614,14.76
"2019-10-30 04:15:00",623,13.74,19.1,-10.3,18.8,-8.8,18.7,-1.285,-283.7,0.614,14.73
"2019-10-30 04:30:00",624,13.75,19.21,-10.3,18.8,-8.8,18.71,-1.224,-284.2,0.611,14.76
"2019-10-30 04:45:00",625,13.75,19.31,-10.3,18.81,-8.8,18.8,-1.251,-284.3,0.613,14.76
"2019-10-30 05:00:00",626,13.74,19.42,-10.3,18.9,-8.8,18.8,-1.282,-283.7,0.614,14.74
"2019-10-30 05:15:00",627,13.75,19.52,-10.34,18.9,-8.8,18.82,-1.287,-284.3,0.614,14.76
"2019-10-30 05:30:00",628,13.74,19.55,-10.4,18.92,-8.8,18.9,-1.275,-284.9,0.614,14.8
"2019-10-30 05:45:00",629,13.74,19.52,-10.4,19,-8.8,18.9,-1.29,-284,0.614,14.75
"2019-10-30 06:00:00",630,13.75,19.49,-10.4,19,-8.8,18.99,-1.275,-284.7,0.614,14.79
"2019-10-30 06:15:00",631,13.74,19.36,-10.4,19,-8.8,19,-1.272,-284.8,0.614,14.79
"2019-10-30 06:30:00",632,13.75,19.18,-10.41,19.1,-8.8,19,-1.29,-284.4,0.614,14.77
"2019-10-30 06:45:00",633,13.74,19.05,-10.5,19.1,-8.8,19,-1.302,-285.2,0.615,14.81
"2019-10-30 07:00:00",634,13.75,18.92,-10.5,19.1,-8.8,18.99,-1.314,-284.2,0.616,14.76
"2019-10-30 07:15:00",635,13.74,18.89,-10.5,19.1,-8.8,18.9,-1.318,-284.7,0.616,14.79
"2019-10-30 07:30:00",636,13.74,18.92,-10.57,19.1,-8.8,18.9,-1.322,-285.4,0.616,14.82
"2019-10-30 07:45:00",637,13.74,19.02,-10.6,19.06,-8.8,18.9,-1.325,-285.7,0.616,14.83
"2019-10-30 08:00:00",638,13.74,19.18,-10.6,19.03,-8.8,18.9,-1.306,-285.8,0.615,14.84
"2019-10-30 08:15:00",639,13.74,19.49,-10.68,19.1,-8.8,18.9,-1.316,-285.7,0.616,14.83
"2019-10-30 08:30:00",640,13.71,19.89,-10.7,19.1,-8.8,18.99,-1.31,-286.4,0.616,14.87
"2019-10-30 08:45:00",641,13.71,20.42,-10.73,19.17,-8.8,19.04,-1.324,-286.5,0.616,14.88
"2019-10-30 09:00:00",642,13.68,21.1,-10.8,19.31,-8.8,19.15,-1.316,-285.2,0.616,14.81
"2019-10-30 09:15:00",643,13.68,22,-10.89,19.57,-8.8,19.32,-1.312,-284.3,0.616,14.77
"2019-10-30 09:30:00",644,13.64,22.98,-11.05,19.9,-8.8,19.68,-1.347,-283.7,0.617,14.73
"2019-10-30 09:45:00",645,13.62,23.96,-11.32,20.33,-8.8,20.12,-1.372,-284,0.619,14.75
"2019-10-30 10:00:00",646,13.6,24.54,-11.68,20.89,-8.8,20.59,-1.417,-282.4,0.621,14.67
"2019-10-30 10:15:00",647,13.59,24.98,-12.16,21.64,-8.79,21.01,-1.491,-280.2,0.625,14.56
"2019-10-30 10:30:00",648,13.57,25.43,-12.76,22.46,-8.75,21.4,-1.553,-278.9,0.628,14.49
"2019-10-30 10:45:00",649,13.57,25.89,-13.51,23.23,-8.7,21.81,-1.618,-277.2,0.631,14.41
"2019-10-30 11:00:00",650,13.53,26.22,-14.35,24.02,-8.7,22.28,-1.695,-273.8,0.635,14.24
"2019-10-30 11:15:00",651,13.53,26.47,-14.65,24.65,-8.7,22.77,-1.713,-273.1,0.636,14.21
"2019-10-30 11:30:00",652,13.51,26.68,-14.14,25.16,-8.7,23.26,-1.719,-270.1,0.636,14.05
"2019-10-30 11:45:00",653,13.5,27.03,-14.67,25.64,-8.7,23.82,-1.695,-269.4,0.635,14.02
"2019-10-30 12:00:00",654,13.48,27.25,-16.27,26.14,-8.7,24.34,-1.677,-268.1,0.634,13.96
"2019-10-30 12:15:00",655,13.47,27.47,-18.16,26.64,-8.7,24.79,-1.66,-267.4,0.633,13.92
"2019-10-30 12:30:00",656,13.47,27.72,-20.76,27.07,-8.7,25.16,-1.626,-265.5,0.631,13.82
"2019-10-30 12:45:00",657,13.47,27.91,-26.41,27.48,-8.7,25.5,-1.602,-265,0.63,13.8
"2019-10-30 13:00:00",658,13.45,28.07,-33.53,27.88,-8.7,25.81,-1.55,-262.4,0.628,13.67
"2019-10-30 13:15:00",659,13.45,28.36,-40.35,28.35,-8.73,26.13,-1.511,-260,0.626,13.55
"2019-10-30 13:30:00",660,13.45,28.59,-43.8,28.75,-8.79,26.46,-1.435,-257.6,0.622,13.43
"2019-10-30 13:45:00",661,13.45,28.49,-47.72,29.15,-8.8,26.71,-1.379,-257.2,0.619,13.41
"2019-10-30 14:00:00",662,13.45,28.56,-52.26,29.59,-8.8,26.86,-1.402,-254.9,0.62,13.29
"2019-10-30 14:15:00",663,13.41,28.62,-57.65,29.98,-8.8,26.98,-1.451,-253.2,0.623,13.21
"2019-10-30 14:30:00",664,13.42,28.56,-63.92,30.32,-8.8,27.13,-1.462,-252.3,0.623,13.17
"2019-10-30 14:45:00",665,13.41,28.46,-70.73,30.62,-8.8,27.24,-1.527,-250.4,0.626,13.07
"2019-10-30 15:00:00",666,13.42,28.3,-77.63,30.91,-8.8,27.32,-1.526,-250.4,0.626,13.07
"2019-10-30 15:15:00",667,13.42,27.94,-88.1,31.17,-8.8,27.4,-1.579,-249.6,0.629,13.03
"2019-10-30 15:30:00",668,13.41,27.31,-101.8,31.3,-8.8,27.46,-1.621,-250.2,0.631,13.06
"2019-10-30 15:45:00",669,13.45,26.41,-118.6,31.39,-8.8,27.49,-1.664,-250.6,0.633,13.08
"2019-10-30 16:00:00",670,13.45,25.92,-137.9,31.31,-8.8,27.4,-1.67,-251.3,0.634,13.11
"2019-10-30 16:15:00",671,13.47,25.46,-159.4,31.23,-8.8,27.33,-1.71,-251.8,0.635,13.14
"2019-10-30 16:30:00",672,13.47,24.95,-181.2,31.04,-8.8,27.27,-1.705,-253.6,0.635,13.23
"2019-10-30 16:45:00",673,13.48,24.57,-203.5,30.8,-8.8,27.16,-1.703,-254.1,0.635,13.26
"2019-10-30 17:00:00",674,13.5,24.07,-226.9,30.58,-8.8,27.04,-1.706,-255.2,0.635,13.31
"2019-10-30 17:15:00",675,13.5,23.72,-250.2,30.32,-8.8,26.88,-1.701,-257.1,0.635,13.41
"2019-10-30 17:30:00",676,13.5,23.44,-274.7,30.05,-8.8,26.74,-1.708,-259.1,0.635,13.5
"2019-10-30 17:45:00",677,13.53,23.21,-298.9,29.75,-8.8,26.56,-1.705,-259.9,0.635,13.54
"2019-10-30 18:00:00",678,13.54,22.92,-325.3,29.37,-8.8,26.39,-1.662,-261.3,0.633,13.61
"2019-10-30 18:15:00",679,13.53,22.78,-350.9,29.06,-8.8,26.15,-1.658,-263,0.633,13.7
"2019-10-30 18:30:00",680,13.56,22.64,-374.5,28.76,-8.8,25.94,-1.668,-264.4,0.633,13.77
"2019-10-30 18:45:00",681,13.57,22.36,-400.5,28.46,-8.8,25.77,-1.663,-265.5,0.633,13.82
"2019-10-30 19:00:00",682,13.56,22.08,-426.5,28.14,-8.8,25.6,-1.653,-266.9,0.633,13.9
"2019-10-30 19:15:00",683,13.6,21.84,-420.8,27.78,-8.8,25.42,-1.638,-268.7,0.632,13.99
"2019-10-30 19:30:00",684,13.59,21.67,-10.65,27.27,-8.8,25.24,-1.547,-268.6,0.627,13.98
"2019-10-30 19:45:00",685,13.59,21.51,-10.2,26.75,-8.8,25.09,-1.44,-270.2,0.622,14.06
"2019-10-30 20:00:00",686,13.59,21.37,-10.2,26.46,-8.8,24.94,-1.416,-271.6,0.621,14.13
"2019-10-30 20:15:00",687,13.62,21.23,-10.21,26.16,-8.8,24.76,-1.411,-272.9,0.621,14.19
"2019-10-30 20:30:00",688,13.62,20.96,-10.24,25.89,-8.8,24.58,-1.404,-274.7,0.62,14.29
"2019-10-30 20:45:00",689,13.62,20.66,-10.26,25.66,-8.8,24.39,-1.397,-275.9,0.62,14.35
"2019-10-30 21:00:00",690,13.65,20.37,-10.29,25.42,-8.8,24.16,-1.405,-276.9,0.62,14.4
"2019-10-30 21:15:00",691,13.65,20.1,-10.3,25.18,-8.8,23.93,-1.403,-278.3,0.62,14.47
"2019-10-30 21:30:00",692,13.65,19.86,-10.3,24.96,-8.8,23.71,-1.403,-280.1,0.62,14.55
"2019-10-30 21:45:00",693,13.68,19.68,-10.29,24.71,-8.8,23.43,-1.419,-280.7,0.621,14.58
"2019-10-30 22:00:00",694,13.68,19.49,-10.27,24.46,-8.8,23.21,-1.412,-281.9,0.621,14.65
"2019-10-30 22:15:00",695,13.69,19.34,-10.25,24.2,-8.8,23,-1.421,-283.9,0.621,14.74
"2019-10-30 22:30:00",696,13.69,19.13,-10.23,23.95,-8.8,22.8,-1.412,-284.7,0.621,14.78
"2019-10-30 22:45:00",697,13.71,18.95,-10.22,23.68,-8.8,22.59,-1.401,-286.4,0.62,14.87
"2019-10-30 23:00:00",698,13.71,18.79,-10.22,23.39,-8.8,22.39,-1.401,-288.3,0.62,14.97
"2019-10-30 23:15:00",699,13.71,18.69,-10.21,23.12,-8.8,22.2,-1.389,-289,0.619,15
"2019-10-30 23:30:00",700,13.71,18.58,-10.21,22.89,-8.8,22.02,-1.399,-290.1,0.62,15.06
"2019-10-30 23:45:00",701,13.71,18.48,-10.2,22.67,-8.8,21.85,-1.388,-292.2,0.619,15.16
"2019-10-31 00:00:00",702,13.71,18.33,-10.21,22.44,-8.8,21.66,-1.378,-293.1,0.619,15.2
"2019-10-31 00:15:00",703,13.74,18.23,-10.2,22.22,-8.8,21.47,-1.362,-293.8,0.618,15.24
"2019-10-31 00:30:00",704,13.75,18.2,-10.21,22.01,-8.8,21.28,-1.352,-295.3,0.618,15.32
"2019-10-31 00:45:00",705,13.75,18.12,-10.21,21.81,-8.8,21.13,-1.39,-296.6,0.619,15.38
"2019-10-31 01:00:00",706,13.74,18.05,-10.22,21.61,-8.8,20.97,-1.366,-297,0.618,15.4
"2019-10-31 01:15:00",707,13.75,17.97,-10.24,21.43,-8.8,20.81,-1.363,-298.4,0.618,15.47
"2019-10-31 01:30:00",708,13.74,17.89,-10.24,21.24,-8.8,20.65,-1.382,-299.3,0.619,15.52
"2019-10-31 01:45:00",709,13.74,17.82,-10.26,21.05,-8.8,20.51,-1.386,-299.7,0.619,15.53
"2019-10-31 02:00:00",710,13.75,17.79,-10.29,20.88,-8.8,20.35,-1.382,-300.5,0.619,15.58
"2019-10-31 02:15:00",711,13.74,17.77,-10.3,20.72,-8.8,20.23,-1.38,-302.3,0.619,15.66
"2019-10-31 02:30:00",712,13.77,17.74,-10.3,20.56,-8.8,20.1,-1.376,-303.2,0.619,15.71
"2019-10-31 02:45:00",713,13.77,17.87,-10.3,20.41,-8.8,19.97,-1.376,-303.7,0.619,15.74
"2019-10-31 03:00:00",714,13.78,18.02,-10.3,20.26,-8.8,19.87,-1.392,-304.6,0.62,15.78
"2019-10-31 03:15:00",715,13.77,18.17,-10.3,20.14,-8.8,19.8,-1.362,-305.5,0.618,15.83
"2019-10-31 03:30:00",716,13.77,18.38,-10.3,20.03,-8.8,19.71,-1.357,-307,0.618,15.9
"2019-10-31 03:45:00",717,13.77,18.51,-10.3,19.92,-8.8,19.7,-1.353,-307.3,0.618,15.92
"2019-10-31 04:00:00",718,13.77,18.58,-10.3,19.85,-8.8,19.62,-1.315,-307.7,0.616,15.94
"2019-10-31 04:15:00",719,13.77,18.66,-10.37,19.8,-8.8,19.6,-1.249,-308,0.612,15.95
"2019-10-31 04:30:00",720,13.74,18.71,-10.4,19.7,-8.8,19.59,-1.329,-309.6,0.616,16.03
"2019-10-31 04:45:00",721,13.75,18.79,-10.4,19.69,-8.8,19.5,-1.338,-308.9,0.617,15.99
"2019-10-31 05:00:00",722,13.74,18.84,-10.4,19.6,-8.8,19.4,-1.353,-308.8,0.618,15.99
"2019-10-31 05:15:00",723,13.74,18.89,-10.41,19.6,-8.8,19.4,-1.364,-309.6,0.618,16.03
"2019-10-31 05:30:00",724,13.74,18.95,-10.49,19.53,-8.8,19.4,-1.344,-309.7,0.617,16.04
"2019-10-31 05:45:00",725,13.74,19,-10.5,19.41,-8.8,19.4,-1.325,-310.6,0.616,16.08
"2019-10-31 06:00:00",726,13.74,19.05,-10.5,19.4,-8.8,19.4,-1.33,-310.8,0.617,16.09
"2019-10-31 06:15:00",727,13.74,19.13,-10.51,19.4,-8.8,19.35,-1.333,-311.4,0.617,16.12
"2019-10-31 06:30:00",728,13.75,19.15,-10.59,19.4,-8.8,19.3,-1.332,-311,0.617,16.1
"2019-10-31 06:45:00",729,13.75,19.23,-10.6,19.4,-8.8,19.3,-1.347,-311.6,0.617,16.13
"2019-10-31 07:00:00",730,13.74,19.47,-10.6,19.4,-8.8,19.3,-1.343,-312.4,0.617,16.17
"2019-10-31 07:15:00",731,13.71,19.89,-10.63,19.4,-8.8,19.34,-1.32,-313.6,0.616,16.23
"2019-10-31 07:30:00",732,13.71,20.5,-10.7,19.4,-8.8,19.4,-1.312,-312.9,0.616,16.2
"2019-10-31 07:45:00",733,13.68,21.23,-10.7,19.44,-8.8,19.56,-1.307,-312.2,0.615,16.16
"2019-10-31 08:00:00",734,13.68,22.03,-10.76,19.63,-8.8,19.74,-1.297,-313.2,0.615,16.21
"2019-10-31 08:15:00",735,13.66,22.81,-10.82,19.77,-8.8,19.96,-1.307,-312.1,0.615,16.15
"2019-10-31 08:30:00",736,13.62,23.58,-10.97,19.99,-8.8,20.25,-1.302,-312.3,0.615,16.17
"2019-10-31 08:45:00",737,13.6,24.36,-11.18,20.26,-8.8,20.59,-1.284,-311.2,0.614,16.11
"2019-10-31 09:00:00",738,13.56,25.19,-11.51,20.64,-8.8,20.96,-1.286,-309.4,0.614,16.02
"2019-10-31 09:15:00",739,13.57,25.7,-11.95,21.12,-8.8,21.37,-1.284,-308,0.614,15.95
"2019-10-31 09:30:00",740,13.57,26.07,-12.5,21.64,-8.8,21.75,-1.342,-307.2,0.617,15.91
"2019-10-31 09:45:00",741,13.53,26.5,-13.23,22.22,-8.8,22.17,-1.379,-305.6,0.619,15.83
"2019-10-31 10:00:00",742,13.51,26.87,-14.08,22.9,-8.8,22.59,-1.435,-304.1,0.622,15.76
"2019-10-31 10:15:00",743,13.5,27.12,-14.72,23.79,-8.8,22.97,-1.492,-303.7,0.625,15.73
"2019-10-31 10:30:00",744,13.51,27.28,-14.48,24.67,-8.8,23.35,-1.582,-301.6,0.629,15.63
"2019-10-31 10:45:00",745,13.48,27.47,-14.44,25.37,-8.8,23.78,-1.671,-301.6,0.634,15.63
"2019-10-31 11:00:00",746,13.48,27.53,-15.64,26.01,-8.8,24.17,-1.739,-300.9,0.637,15.6
"2019-10-31 11:15:00",747,13.47,27.59,-17.38,26.58,-8.8,24.55,-1.793,-301.4,0.64,15.62
"2019-10-31 11:30:00",748,13.48,27.66,-19.37,26.93,-8.8,24.92,-1.777,-299.8,0.639,15.54
"2019-10-31 11:45:00",749,13.48,27.75,-23.81,27.2,-8.8,25.27,-1.755,-299.4,0.638,15.52
"2019-10-31 12:00:00",750,13.45,28.01,-30.67,27.44,-8.8,25.66,-1.699,-299.2,0.635,15.51
"2019-10-31 12:15:00",751,13.45,28.1,-38.49,27.68,-8.8,26.01,-1.666,-298.8,0.633,15.49
"2019-10-31 12:30:00",752,13.45,27.98,-42.82,27.92,-8.8,26.38,-1.636,-297,0.632,15.4
"2019-10-31 12:45:00",753,13.45,28.14,-46.74,28.22,-8.8,26.61,-1.596,-296,0.63,15.35
"2019-10-31 13:00:00",754,13.45,28.2,-51.31,28.45,-8.8,26.83,-1.543,-296.2,0.627,15.36
"2019-10-31 13:15:00",755,13.45,28.3,-56.51,28.69,-8.8,27.04,-1.43,-292.8,0.622,15.19
"2019-10-31 13:30:00",756,13.42,28.43,-62.61,28.93,-8.8,27.21,-1.319,-293.3,0.616,15.22
"2019-10-31 13:45:00",757,13.41,28.56,-69.35,29.2,-8.8,27.36,-1.372,-292.2,0.619,15.16
"2019-10-31 14:00:00",758,13.42,28.82,-76.24,29.51,-8.8,27.5,-1.399,-291.2,0.62,15.11
"2019-10-31 14:15:00",759,13.41,28.95,-85.4,29.88,-8.8,27.64,-1.435,-289.6,0.622,15.03
"2019-10-31 14:30:00",760,13.42,28.95,-98,30.2,-8.8,27.77,-1.463,-289.4,0.623,15.02
"2019-10-31 14:45:00",761,13.42,28.99,-112.9,30.51,-8.8,27.9,-1.497,-287.9,0.625,14.95
"2019-10-31 15:00:00",762,13.41,28.95,-130.3,30.78,-8.8,28.01,-1.519,-288.6,0.626,14.98
"2019-10-31 15:15:00",763,13.42,28.95,-149,31.03,-8.8,28.19,-1.556,-289.4,0.628,15.02
"2019-10-31 15:30:00",764,13.42,28.89,-169.5,31.21,-8.8,28.28,-1.591,-290.1,0.63,15.05
"2019-10-31 15:45:00",765,13.42,28.82,-190.2,31.3,-8.8,28.37,-1.611,-289.2,0.631,15.01
"2019-10-31 16:00:00",766,13.39,28.72,-211.5,31.37,-8.8,28.45,-1.616,-290.2,0.631,15.06
"2019-10-31 16:15:00",767,13.39,28.59,-232.3,31.4,-8.8,28.5,-1.641,-291.1,0.632,15.1
"2019-10-31 16:30:00",768,13.39,28.43,-254.2,31.35,-8.8,28.56,-1.656,-292.5,0.633,15.18
"2019-10-31 16:45:00",769,13.39,28.17,-275.8,31.3,-8.8,28.6,-1.682,-293.8,0.634,15.24
"2019-10-31 17:00:00",770,13.39,27.78,-297.2,31.21,-8.8,28.5,-1.696,-293.3,0.635,15.22
"2019-10-31 17:15:00",771,13.41,27.21,-319.5,31.11,-8.8,28.44,-1.682,-295.1,0.634,15.31
"2019-10-31 17:30:00",772,13.42,26.56,-341.9,30.86,-8.8,28.29,-1.694,-296.3,0.635,15.37
"2019-10-31 17:45:00",773,13.45,26.04,-364.2,30.67,-8.8,28.06,-1.71,-298,0.636,15.45
"2019-10-31 18:00:00",774,13.45,25.58,-386,30.45,-8.8,27.84,-1.706,-299.1,0.635,15.5
"2019-10-31 18:15:00",775,13.45,25.31,-412.3,30.2,-8.8,27.65,-1.715,-300.7,0.636,15.59
"2019-10-31 18:30:00",776,13.45,25.1,-434.8,29.94,-8.8,27.46,-1.708,-303.1,0.635,15.7
"2019-10-31 18:45:00",777,13.48,24.75,-458.8,29.66,-8.8,27.3,-1.725,-304.4,0.636,15.77
"2019-10-31 19:00:00",778,13.47,24.48,-484.6,29.33,-8.8,27.14,-1.709,-306.7,0.635,15.88
"2019-10-31 19:15:00",779,13.5,24.3,-475.2,29.06,-8.78,26.95,-1.704,-306.3,0.635,15.87
"2019-10-31 19:30:00",780,13.51,24.1,-10.63,28.69,-8.72,26.78,-1.667,-307.2,0.633,15.91
"2019-10-31 19:45:00",781,13.51,23.99,-10.21,28.3,-8.7,26.6,-1.535,-308.7,0.627,15.99
"2019-10-31 20:00:00",782,13.51,23.78,-10.29,27.96,-8.7,26.44,-1.5,-310.3,0.625,16.06
"2019-10-31 20:15:00",783,13.5,23.47,-10.3,27.71,-8.7,26.22,-1.509,-310.8,0.625,16.09
"2019-10-31 20:30:00",784,13.53,23.04,-10.3,27.48,-8.7,25.94,-1.494,-313.3,0.625,16.21
"2019-10-31 20:45:00",785,13.56,22.47,-10.3,27.23,-8.7,25.65,-1.48,-313,0.624,16.2
"2019-10-31 21:00:00",786,13.59,21.89,-10.3,26.98,-8.7,25.34,-1.49,-314.3,0.625,16.27
"2019-10-31 21:15:00",787,13.59,21.34,-10.3,26.71,-8.7,25.04,-1.502,-316.5,0.625,16.37
"2019-10-31 21:30:00",788,13.59,21.07,-10.3,26.42,-8.7,24.72,-1.533,-317.5,0.627,16.42
"2019-10-31 21:45:00",789,13.62,20.77,-10.3,26.05,-8.7,24.41,-1.519,-318.4,0.626,16.47
"2019-10-31 22:00:00",790,13.62,20.58,-10.3,25.75,-8.7,24.12,-1.516,-320,0.626,16.55
"2019-10-31 22:15:00",791,13.62,20.4,-10.3,25.45,-8.71,23.86,-1.532,-321.3,0.627,16.62
"2019-10-31 22:30:00",792,13.65,20.21,-10.3,25.18,-8.73,23.56,-1.536,-322.3,0.627,16.67
"2019-10-31 22:45:00",793,13.65,20.02,-10.29,24.92,-8.76,23.26,-1.532,-322.9,0.627,16.7
"2019-10-31 23:00:00",794,13.65,19.92,-10.3,24.66,-8.78,23.01,-1.56,-324,0.628,16.75
"2019-10-31 23:15:00",795,13.65,19.76,-10.29,24.39,-8.8,22.79,-1.563,-325.1,0.628,16.81
"2019-10-31 23:30:00",796,13.65,19.68,-10.29,24.13,-8.8,22.57,-1.566,-327.8,0.628,16.94
"2019-10-31 23:45:00",797,13.68,19.52,-10.29,23.89,-8.8,22.36,-1.505,-327.9,0.625,16.95
"2019-11-01 00:00:00",798,13.68,19.47,-10.3,23.61,-8.8,22.17,-1.523,-329.3,0.626,17.01
"2019-11-01 00:15:00",799,13.69,19.42,-10.29,23.32,-8.8,21.99,-1.546,-331.6,0.627,17.13
"2019-11-01 00:30:00",800,13.68,19.34,-10.29,23.09,-8.8,21.82,-1.531,-333.4,0.627,17.22
"2019-11-01 00:45:00",801,13.68,19.28,-10.29,22.87,-8.8,21.65,-1.563,-334,0.628,17.25
"2019-11-01 01:00:00",802,13.68,19.21,-10.29,22.66,-8.8,21.48,-1.558,-335.5,0.628,17.33
"2019-11-01 01:15:00",803,13.71,19.13,-10.3,22.46,-8.8,21.33,-1.557,-336.1,0.628,17.35
"2019-11-01 01:30:00",804,13.71,19.05,-10.3,22.25,-8.8,21.16,-1.549,-337.4,0.627,17.42
"2019-11-01 01:45:00",805,13.71,18.97,-10.3,22.06,-8.8,21.04,-1.542,-339.1,0.627,17.5
"2019-11-01 02:00:00",806,13.71,18.87,-10.3,21.88,-8.8,20.91,-1.552,-339.8,0.628,17.54
"2019-11-01 02:15:00",807,13.71,18.82,-10.3,21.7,-8.8,20.77,-1.523,-341.7,0.626,17.64
"2019-11-01 02:30:00",808,13.71,18.77,-10.3,21.53,-8.8,20.65,-1.536,-343,0.627,17.7
"2019-11-01 02:45:00",809,13.71,18.82,-10.3,21.36,-8.8,20.54,-1.525,-344.6,0.626,17.78
"2019-11-01 03:00:00",810,13.71,19.02,-10.3,21.2,-8.8,20.43,-1.533,-346.5,0.627,17.88
"2019-11-01 03:15:00",811,13.71,19.47,-10.3,21.05,-8.8,20.33,-1.524,-346.1,0.626,17.85
"2019-11-01 03:30:00",812,13.71,19.94,-10.3,20.94,-8.8,20.3,-1.513,-347.4,0.626,17.92
"2019-11-01 03:45:00",813,13.71,20.4,-10.31,20.87,-8.8,20.3,-1.494,-348.4,0.625,17.97
"2019-11-01 04:00:00",814,13.68,20.8,-10.38,20.8,-8.8,20.4,-1.468,-349.1,0.623,18.01
"2019-11-01 04:15:00",815,13.68,21.07,-10.4,20.8,-8.8,20.45,-1.455,-348.5,0.623,17.97
"2019-11-01 04:30:00",816,13.68,21.26,-10.4,20.8,-8.8,20.52,-1.446,-348.1,0.622,17.96
"2019-11-01 04:45:00",817,13.68,21.45,-10.4,20.9,-8.8,20.6,-1.456,-349.9,0.623,18.04
"2019-11-01 05:00:00",818,13.68,21.56,-10.48,20.9,-8.8,20.68,-1.437,-351.1,0.622,18.11
"2019-11-01 05:15:00",819,13.68,21.7,-10.5,20.96,-8.8,20.74,-1.432,-350.7,0.622,18.08
"2019-11-01 05:30:00",820,13.64,21.75,-10.5,21,-8.8,20.8,-1.428,-351.2,0.621,18.11
"2019-11-01 05:45:00",821,13.65,21.84,-10.54,21.04,-8.8,20.89,-1.425,-350.9,0.621,18.09
"2019-11-01 06:00:00",822,13.64,21.89,-10.6,21.1,-8.8,20.93,-1.426,-352.4,0.621,18.17
"2019-11-01 06:15:00",823,13.64,21.97,-10.6,21.14,-8.8,21,-1.411,-352.6,0.621,18.18
"2019-11-01 06:30:00",824,13.65,22.08,-10.6,21.2,-8.8,21.06,-1.415,-352.6,0.621,18.18
"2019-11-01 06:45:00",825,13.64,22.17,-10.66,21.25,-8.8,21.1,-1.411,-352.5,0.621,18.17
"2019-11-01 07:00:00",826,13.65,22.19,-10.7,21.3,-8.8,21.2,-1.41,-353.5,0.621,18.23
"2019-11-01 07:15:00",827,13.62,22.25,-10.72,21.39,-8.8,21.25,-1.418,-353.2,0.621,18.21
"2019-11-01 07:30:00",828,13.62,22.31,-10.8,21.41,-8.8,21.3,-1.399,-353.8,0.62,18.24
"2019-11-01 07:45:00",829,13.62,22.45,-10.89,21.5,-8.8,21.39,-1.394,-353.9,0.62,18.24
"2019-11-01 08:00:00",830,13.62,22.59,-11.05,21.54,-8.8,21.43,-1.391,-355.2,0.62,18.31
"2019-11-01 08:15:00",831,13.62,22.84,-11.27,21.6,-8.8,21.5,-1.392,-355.2,0.62,18.31
"2019-11-01 08:30:00",832,13.62,23.07,-11.56,21.7,-8.8,21.6,-1.401,-355.7,0.62,18.33
"2019-11-01 08:45:00",833,13.62,23.1,-11.96,21.78,-8.8,21.68,-1.413,-355.3,0.621,18.32
"2019-11-01 09:00:00",834,13.62,23.32,-12.45,21.87,-8.8,21.74,-1.414,-355.4,0.621,18.32
"2019-11-01 09:15:00",835,13.59,23.44,-13.12,22,-8.8,21.81,-1.422,-356.8,0.621,18.39
"2019-11-01 09:30:00",836,13.59,23.96,-13.91,22.17,-8.8,21.92,-1.44,-356.9,0.622,18.39
"2019-11-01 09:45:00",837,13.57,24.36,-14.68,22.4,-8.8,22.1,-1.448,-355,0.622,18.3
"2019-11-01 10:00:00",838,13.56,24.6,-14.75,22.67,-8.8,22.31,-1.485,-355.6,0.624,18.33
"2019-11-01 10:15:00",839,13.56,24.87,-14.37,22.95,-8.8,22.48,-1.516,-354.9,0.626,18.29
"2019-11-01 10:30:00",840,13.57,25.07,-15.16,23.24,-8.8,22.65,-1.529,-355.5,0.626,18.32
"2019-11-01 10:45:00",841,13.53,25.64,-16.73,23.55,-8.8,22.83,-1.558,-355.1,0.628,18.31
"2019-11-01 11:00:00",842,13.51,26.19,-18.56,23.96,-8.8,23.09,-1.609,-351.3,0.63,18.12
"2019-11-01 11:15:00",843,13.51,26.74,-21.41,24.42,-8.8,23.46,-1.634,-351.9,0.632,18.14
"2019-11-01 11:30:00",844,13.48,26.84,-27.11,24.87,-8.8,23.88,-1.673,-352,0.634,18.15
"2019-11-01 11:45:00",845,13.47,26.56,-34.1,25.22,-8.8,24.21,-1.677,-351.4,0.634,18.12
"2019-11-01 12:00:00",846,13.47,26.44,-40.61,25.51,-8.8,24.44,-1.691,-352.2,0.635,18.16
"2019-11-01 12:15:00",847,13.48,26.5,-43.85,25.74,-8.75,24.62,-1.69,-353.5,0.634,18.23
"2019-11-01 12:30:00",848,13.48,26.47,-47.7,25.94,-8.76,24.78,-1.694,-352.9,0.635,18.2
"2019-11-01 12:45:00",849,13.47,26.47,-52.07,26.17,-8.73,24.94,-1.697,-351.4,0.635,18.12
"2019-11-01 13:00:00",850,13.47,26.41,-57.05,26.4,-8.7,25.06,-1.674,-350.4,0.634,18.07
"2019-11-01 13:15:00",851,13.47,26.44,-62.97,26.57,-8.7,25.12,-1.623,-350.2,0.631,18.06
"2019-11-01 13:30:00",852,13.47,26.44,-69.49,26.76,-8.7,25.2,-1.591,-347,0.63,17.9
"2019-11-01 13:45:00",853,13.47,26.44,-76.21,26.97,-8.7,25.3,-1.613,-347.5,0.631,17.92
"2019-11-01 14:00:00",854,13.48,26.34,-85.2,27.19,-8.7,25.33,-1.63,-346.5,0.632,17.88
"2019-11-01 14:15:00",855,13.48,26.28,-98,27.41,-8.72,25.4,-1.661,-347.1,0.633,17.9
"2019-11-01 14:30:00",856,13.47,26.13,-113,27.63,-8.8,25.4,-1.719,-344.7,0.636,17.78
"2019-11-01 14:45:00",857,13.47,25.89,-130.6,27.85,-8.8,25.4,-1.737,-344.6,0.637,17.78
"2019-11-01 15:00:00",858,13.47,25.58,-150.4,28.03,-8.8,25.39,-1.765,-342.1,0.638,17.66
"2019-12-19 16:15:00",859,13.36,33.59,"NAN",0,"NAN",0,10.34,10.34,0,0
"2019-12-19 16:30:00",860,13.34,33.85,"NAN",0,"NAN",0,11,11,0,0
"2019-12-19 16:45:00",861,13.33,33.62,"NAN",0,"NAN",0,"NAN",6.251,"NAN",0
"2019-12-19 17:00:00",862,13.31,33.89,"NAN",0,"NAN",0,"NAN",-6.739,"NAN",0
"2019-12-19 17:15:00",863,13.3,33.92,"NAN",0,"NAN",0,"NAN",-6.739,"NAN",0
"2019-12-19 17:30:00",864,13.29,34.65,"NAN",0,"NAN",0,"NAN",-6.739,"NAN",0
"2019-12-19 17:45:00",865,13.28,34.54,"NAN",0,"NAN",0,"NAN",-6.739,"NAN",0
"2019-12-19 18:00:00",866,13.27,34,"NAN",0,"NAN",0,"NAN",-6.739,"NAN",0
"2019-12-19 18:15:00",867,13.26,33.62,"NAN",0,"NAN",0,"NAN",-6.739,"NAN",0
"2019-12-19 18:30:00",868,13.25,33.7,"NAN",0,"NAN",0,"NAN",-6.739,"NAN",0
"2019-12-19 18:45:00",869,13.25,33.47,"NAN",0,"NAN",0,"NAN",-6.739,"NAN",0
"2019-12-19 19:00:00",870,13.24,33.43,"NAN",0,"NAN",0,"NAN",-6.739,"NAN",0
"2019-12-19 19:15:00",871,13.24,32.92,"NAN",0,"NAN",0,"NAN",-6.739,"NAN",0
"2019-12-19 19:30:00",872,13.24,32.84,"NAN",0,"NAN",0,"NAN",-6.739,"NAN",0
"2019-12-19 19:45:00",873,13.24,33.55,"NAN",0,"NAN",0,"NAN",-6.739,"NAN",0
"2019-12-19 20:00:00",874,13.24,33.96,"NAN",0,"NAN",0,"NAN",-6.739,"NAN",0
"2019-12-19 20:15:00",875,13.24,34.5,"NAN",0,"NAN",0,"NAN",-6.739,"NAN",0
"2019-12-19 20:30:00",876,13.24,34.19,"NAN",0,"NAN",0,"NAN",-6.739,"NAN",0
"2019-12-19 20:45:00",877,13.24,34.27,"NAN",0,"NAN",0,"NAN",-6.739,"NAN",0
"2019-12-19 21:00:00",878,13.24,34.31,"NAN",0,"NAN",0,"NAN",-6.739,"NAN",0
"2019-12-19 21:15:00",879,13.24,34.08,"NAN",0,"NAN",0,"NAN",-6.739,"NAN",0
"2019-12-19 21:30:00",880,13.24,33.36,"NAN",0,"NAN",0,"NAN",-6.739,"NAN",0
"2019-12-19 21:45:00",881,13.24,32.22,"NAN",0,"NAN",0,"NAN",-6.739,"NAN",0
"2019-12-19 22:00:00",882,13.24,31.09,"NAN",0,"NAN",0,"NAN",-6.739,"NAN",0
"2019-12-19 22:15:00",883,13.24,29.92,"NAN",0,"NAN",0,"NAN",-6.739,"NAN",0
"2019-12-19 22:30:00",884,13.23,28.85,"NAN",0,"NAN",0,"NAN",-6.739,"NAN",0
"2019-12-19 22:45:00",885,13.23,28.07,"NAN",0,"NAN",0,"NAN",-6.739,"NAN",0
"2019-12-19 23:00:00",886,13.23,27.53,"NAN",0,"NAN",0,"NAN",-6.739,"NAN",0
"2019-12-19 23:15:00",887,13.23,27.15,"NAN",0,"NAN",0,"NAN",-6.739,"NAN",0
"2019-12-19 23:30:00",888,13.22,26.84,"NAN",0,"NAN",0,"NAN",-6.739,"NAN",0
"2019-12-19 23:45:00",889,13.22,26.59,"NAN",0,"NAN",0,"NAN",-6.739,"NAN",0
"2019-12-20 00:00:00",890,13.22,26.37,"NAN",0,"NAN",0,"NAN",-6.739,"NAN",0
"2019-12-20 00:15:00",891,13.22,26.22,"NAN",0,"NAN",0,"NAN",-6.739,"NAN",0
"2019-12-20 00:30:00",892,13.22,26.07,"NAN",0,"NAN",0,"NAN",-6.739,"NAN",0
"2019-12-20 00:45:00",893,13.22,25.95,"NAN",0,"NAN",0,"NAN",-1.988,"NAN",0
"2019-12-20 01:00:00",894,13.21,25.13,"NAN",0,"NAN",0,11,11,0,0
"2019-12-20 01:15:00",895,13.21,24.63,"NAN",0,"NAN",0,11,11,0,0
"2019-12-20 01:30:00",896,13.21,24.36,"NAN",0,"NAN",0,11,11,0,0
"2019-12-20 01:45:00",897,13.21,24.19,"NAN",0,"NAN",0,11,11,0,0
"2019-12-20 02:00:00",898,13.21,23.93,"NAN",0,"NAN",0,11,11,0,0
"2019-12-20 02:15:00",899,13.21,23.5,"NAN",0,"NAN",0,11,11,0,0
"2019-12-20 02:30:00",900,13.2,22.75,"NAN",0,"NAN",0,11,11,0,0
"2019-12-20 02:45:00",901,13.2,22,"NAN",0,"NAN",0,11,11,0,0
"2019-12-20 03:00:00",902,13.2,21.31,"NAN",0,"NAN",0,11,11,0,0
"2019-12-20 03:15:00",903,13.2,20.74,"NAN",0,"NAN",0,11,11,0,0
"2019-12-20 03:30:00",904,13.2,20.21,"NAN",0,"NAN",0,11,11,0,0
"2019-12-20 03:45:00",905,13.19,19.76,"NAN",0,"NAN",0,11,11,0,0
"2019-12-20 04:00:00",906,13.19,19.42,"NAN",0,"NAN",0,11,11,0,0
"2019-12-20 04:15:00",907,13.19,19.08,"NAN",0,"NAN",0,11,11,0,0
"2019-12-20 04:30:00",908,13.19,18.79,"NAN",0,"NAN",0,11,11,0,0
"2019-12-20 04:45:00",909,13.18,18.56,"NAN",0,"NAN",0,11,11,0,0
"2019-12-20 05:00:00",910,13.17,18.3,"NAN",0,"NAN",0,11,11,0,0
"2019-12-20 05:15:00",911,13.17,18.05,"NAN",0,"NAN",0,11,11,0,0
"2019-12-20 05:30:00",912,13.17,17.84,"NAN",0,"NAN",0,11,11,0,0
"2019-12-20 05:45:00",913,13.17,17.64,"NAN",0,"NAN",0,11,11,0,0
"2019-12-20 06:00:00",914,13.17,17.46,"NAN",0,"NAN",0,11,11,0,0
"2019-12-20 06:15:00",915,13.16,17.34,"NAN",0,"NAN",0,11,11,0,0
"2019-12-20 06:30:00",916,13.16,17.19,"NAN",0,"NAN",0,11,11,0,0
"2019-12-20 06:45:00",917,13.16,17.04,"NAN",0,"NAN",0,11,11,0,0
"2019-12-20 07:00:00",918,13.16,16.94,"NAN",0,"NAN",0,11,11,0,0
"2019-12-20 07:15:00",919,13.16,16.84,"NAN",0,"NAN",0,11,11,0,0
"2019-12-20 07:30:00",920,13.16,16.74,"NAN",0,"NAN",0,11,11,0,0
"2019-12-20 07:45:00",921,13.16,16.66,"NAN",0,"NAN",0,11,11,0,0
"2019-12-20 08:00:00",922,13.15,16.59,"NAN",0,"NAN",0,11,11,0,0
"2019-12-20 08:15:00",923,13.15,16.54,"NAN",0,"NAN",0,11,11,0,0
"2019-12-20 08:30:00",924,13.15,16.49,"NAN",0,"NAN",0,11,11,0,0
"2019-12-20 08:45:00",925,13.15,16.44,"NAN",0,"NAN",0,11,11,0,0
"2019-12-20 09:00:00",926,13.15,17.26,"NAN",0,"NAN",0,11,11,0,0
"2019-12-20 09:15:00",927,13.15,18.15,"NAN",0,"NAN",0,11,11,0,0
"2019-12-20 09:30:00",928,13.15,18.95,"NAN",0,"NAN",0,11,11,0,0
"2019-12-20 09:45:00",929,13.15,19.68,"NAN",0,"NAN",0,11,11,0,0
"2019-12-20 10:00:00",930,13.16,20.34,"NAN",0,"NAN",0,11,11,0,0
"2019-12-20 10:15:00",931,13.16,20.93,"NAN",0,"NAN",0,11,11,0,0
"2019-12-20 10:30:00",932,13.16,21.45,"NAN",0,"NAN",0,11,11,0,0
"2019-12-20 10:45:00",933,13.17,21.84,"NAN",0,"NAN",0,11,11,0,0
"2019-12-20 11:00:00",934,13.17,22.17,"NAN",0,"NAN",0,11,11,0,0
"2019-12-20 11:15:00",935,13.17,22.42,"NAN",0,"NAN",0,11,11,0,0
"2019-12-20 11:30:00",936,13.17,22.64,"NAN",0,"NAN",0,11,11,0,0
"2019-12-20 11:45:00",937,13.18,22.84,"NAN",0,"NAN",0,11,11,0,0
"2019-12-20 12:00:00",938,13.18,23.07,"NAN",0,"NAN",0,11,11,0,0
"2019-12-20 12:15:00",939,13.18,23.27,"NAN",0,"NAN",0,11,11,0,0
"2019-12-20 12:30:00",940,13.18,23.44,"NAN",0,"NAN",0,11,11,0,0
"2019-12-20 12:45:00",941,13.18,23.67,"NAN",0,"NAN",0,11,11,0,0
"2019-12-20 13:00:00",942,13.19,23.99,"NAN",0,"NAN",0,11,11,0,0
"2019-12-20 13:15:00",943,13.19,24.28,"NAN",0,"NAN",0,11,11,0,0
"2019-12-20 13:30:00",944,13.19,24.75,"NAN",0,"NAN",0,11,11,0,0
"2019-12-20 13:45:00",945,13.19,24.98,"NAN",0,"NAN",0,11,11,0,0
"2019-12-20 14:00:00",946,13.19,25.34,"NAN",0,"NAN",0,11,11,0,0
"2019-12-20 14:15:00",947,13.2,26.5,"NAN",0,"NAN",0,11,11,0,0
"2019-12-20 14:30:00",948,13.2,27.98,"NAN",0,"NAN",0,11,11,0,0
"2019-12-20 14:45:00",949,13.2,29.68,"NAN",0,"NAN",0,11,11,0,0
"2019-12-20 15:00:00",950,13.21,30.6,"NAN",0,"NAN",0,11,11,0,0
"2019-12-20 15:15:00",951,13.22,31.51,"NAN",0,"NAN",0,"NAN",-0.254,"NAN",0
"2019-12-20 15:30:00",952,13.22,32.3,"NAN",0,"NAN",0,"NAN",-6.739,"NAN",0
"2019-12-20 15:45:00",953,13.23,33.4,"NAN",0,"NAN",0,"NAN",-6.739,"NAN",0
"2019-12-20 16:00:00",954,13.23,32.77,"NAN",0,"NAN",0,"NAN",-6.739,"NAN",0
"2019-12-20 16:15:00",955,13.23,32.37,"NAN",0,"NAN",0,"NAN",-6.739,"NAN",0
"2019-12-20 16:30:00",956,13.23,31.9,"NAN",0,"NAN",0,"NAN",-6.739,"NAN",0
"2019-12-20 16:45:00",957,13.34,31.37,"NAN",0,"NAN",0,"NAN",-6.739,"NAN",0
"2019-12-20 17:00:00",958,13.35,30.67,"NAN",0,"NAN",0,"NAN",-6.739,"NAN",0
"2019-12-20 17:15:00",959,13.67,22.28,"NAN",0,"NAN",0,7.173,7.175,0,0
